./ImgDB/Indoor_001.jpg 0.6493328975537409 0.36358962590616783 0.6637360776559211 0.3933558622026974 0.8986361487363962 0.4425242105282444 0.37349039417063146 0.5232862656066015 0.39422405927385196 0.3584813977397273 0.6243156545216175 0.3316970499198991 0.6398626239829703 0.36787253760351024 0.8714094271404087 0.4433457185777558 0.371984512467768 0.5230564153750252 0.39262044538890917 0.37317867564815727 
./ImgDB/Indoor_002.jpg 0.38244289774318146 0.4736711915510506 0.4160324212118729 0.6001997454493547 0.953519760136534 0.44998347837974073 0.4841048999948417 0.4681652651174852 0.47749346854844027 0.2996847466086328 0.3768517432742059 0.46836859506646566 0.4079418049638199 0.595525106102229 0.9470986579410259 0.45225509277758946 0.4850904839493642 0.4726093568381627 0.48017681006429147 0.3087844742817121 
./ImgDB/Indoor_003.jpg 0.12430460373763069 0.4042015938328586 0.4334551561249674 0.669061584405922 0.5348811070012284 0.40740512070707113 0.5050465410822337 0.6909405834279833 0.7030850004968916 0.5455940164977287 0.11407301947846749 0.39632713738562814 0.42014367834358257 0.6610937978519578 0.5212549114180662 0.4096529757158483 0.5074437233277709 0.6955079015435831 0.7017903302854064 0.5547372173351753 
./ImgDB/Indoor_004.jpg 0.7028264331239189 0.6725286202250298 0.5227859876522812 0.6515436277391635 0.7420989038216932 0.3219167441710489 0.3709033831409187 0.37193896087802303 0.36998366561323615 0.2802449137674854 0.7006884444911154 0.667834389199832 0.5183631766200095 0.6460518223904901 0.7364157696255473 0.32338592639581154 0.373712534796814 0.37096162303212343 0.3700381622086004 0.2857769111068556 
./ImgDB/Indoor_005.jpg 0.4826738294137644 0.7724096699466342 0.35501190237017477 0.8414455884833558 0.36876993926120816 0.5690189138103863 0.4507981082171502 0.2976267574136362 0.4446944028214171 0.44393711315375745 0.4510294230615818 0.75136254586149 0.3382466946561179 0.8222046098976373 0.3301006098525857 0.5826576256745986 0.46735097871401027 0.3094226993856169 0.45247618827757247 0.46876239972730543 
./ImgDB/Indoor_006.jpg 0.5656741972558254 0.5731783009436476 0.7262959991773656 0.6909715251625472 0.7354250043962965 0.3505855033540348 0.3429015865442841 0.37419442735036956 0.365088074824667 0.2850325629612983 0.5647068239804949 0.5725486159039122 0.7206788088229003 0.6869342588363523 0.7326720956511493 0.35146977745225194 0.3437153221053212 0.3703169334972185 0.36198449896140505 0.28562568281865797 
./ImgDB/Indoor_007.jpg 0.3306586325540306 0.3228866233191309 0.7799193131842259 0.550022990914496 0.36007662708766763 0.4246411910325212 0.43565939480783167 0.7418738113934158 0.6836467522211991 0.3973406601299724 0.31509341331508456 0.3082860390763578 0.77142647779834 0.541637123045668 0.3449450599449032 0.4271677839740843 0.43871349582467817 0.742949709977222 0.6839364912445194 0.39911840915465185 
./ImgDB/Indoor_008.jpg 0.7338209340351818 0.420677083967941 0.7982966102275679 0.3822967286144915 0.6745967577452747 0.3236839145166335 0.31222189908366826 0.5101108466356544 0.5142554909492069 0.3507300086575552 0.7268569045689162 0.4049052079740616 0.7882145026942055 0.3662854460074109 0.6614467703056477 0.32396502391268195 0.31793314811403506 0.5118934484467481 0.5197581523432181 0.35805112119990246 
./ImgDB/Indoor_009.jpg 0.36787111151803215 0.6964369241277628 0.7847428945955605 0.5563516504614453 0.7206497252416669 0.44977779630356163 0.2906201086603648 0.41526744674365423 0.3360125696803652 0.3861957070548888 0.3583286726019511 0.6940872783645067 0.7805162723333766 0.5498566071750101 0.7135880660048254 0.45527463833051446 0.29188166903296786 0.41781280178138064 0.34094320827835245 0.3937848517098116 
./ImgDB/Indoor_010.jpg 0.41606837574717814 0.5399431217973344 0.3376132609700113 0.2359721771246746 0.7441838341692407 0.35462868025143535 0.5661167553172121 0.6972496975377112 0.45385128732423263 0.6959504299613564 0.38674231461028746 0.5185640406423776 0.3188353498719356 0.21572422027902494 0.7240044933202954 0.3554845295998532 0.5745031945023459 0.6991638470823275 0.461233917490627 0.7041664724005384 
./ImgDB/Indoor_011.jpg 0.36345304084666574 0.3723112988789136 0.2473878289361442 0.31072133501318966 0.5522873990366786 0.6411007828568942 0.6565279775958146 0.5749130757610875 0.5979216429834447 0.7302123319712028 0.3356019482684316 0.34506227915578724 0.21875423157461538 0.28444664770227246 0.5208542578630715 0.6502775108406128 0.6640272921788868 0.5813115711113802 0.6048219755389264 0.7480055718859782 
./ImgDB/Indoor_012.jpg 0.4125505999093262 0.6130274951085912 0.40173748493256084 0.6114776906329724 0.37545861279284953 0.7726914262422753 0.7103248242976237 0.2777200754861087 0.5812190709464472 0.32706407356595146 0.37590741033891406 0.5812661896363782 0.36043196689799556 0.574172605401098 0.32819926256444865 0.7810579836342766 0.7239596014097197 0.27373908165777533 0.5871052216718744 0.33088932287281464 
./ImgDB/Indoor_013.jpg 0.6557889160228498 0.6268635344384016 0.5676793547584162 0.5932475002072799 0.7908904910843447 0.387970650504984 0.3960029288104586 0.3839724744838246 0.405703312238889 0.19209692496026604 0.6550362558319216 0.6258813593497459 0.5668226230349152 0.5917839942804751 0.790728808524812 0.38897327427776035 0.3971034548756272 0.3842814610969138 0.40645489857181344 0.1927177826462989 
./ImgDB/Indoor_014.jpg 0.41281118059041544 0.30826173597090567 0.35187906437023553 0.3381500811220641 0.3515005627764528 0.6238857295190509 0.6560126102762822 0.5537320904198232 0.7784988316772179 0.6609034427367073 0.391817622893151 0.29081082038387074 0.33955120105694403 0.3253042682593855 0.3227145205124511 0.6308354695920195 0.6590572186743948 0.5564908922130878 0.7784690675430594 0.6693135894124842 
./ImgDB/Indoor_015.jpg 0.382868213454141 0.46118951310022444 0.5678809989202461 0.5321198506261182 0.37171356099918107 0.4756787774266461 0.4992075527740637 0.7898365414770071 0.7571447695003686 0.20118881494138346 0.37266605479911324 0.4507632382569774 0.5528993189468887 0.5137082185547955 0.35347488816007105 0.47628175587766486 0.4964107094690981 0.7889004660983951 0.7520092507062486 0.20405750591136562 
./ImgDB/Indoor_016.jpg 0.4120023063627456 0.3414756988866213 0.5479417319589192 0.5011627656319562 0.3192859646706863 0.459071464953263 0.47098757806636093 0.8157998731999003 0.7949031946026137 0.38359149237223056 0.3923823155418234 0.3307052618822741 0.5293432141375145 0.47617522329470113 0.2918989244383381 0.4615685078800662 0.4704814136274088 0.8145073782533218 0.794961236225749 0.39175445401350595 
./ImgDB/Indoor_017.jpg 0.705408347052239 0.4656381336883272 0.7209974339110502 0.5398736167468717 0.7846285663523309 0.3726299271787582 0.43687225935344104 0.33789859522931553 0.2915668447256279 0.3502450870299918 0.6988068716413021 0.45549894130797935 0.7149440909090199 0.5335160351142098 0.7733805373099287 0.3782908746356479 0.4436100812540263 0.34206536038970825 0.2949128299834681 0.35921556618675576 
./ImgDB/Indoor_018.jpg 0.8966913848550223 0.3462489483796052 0.5172341335928154 0.32550520811907074 0.5915725495629776 0.5793258430897428 0.37938886342798517 0.5979989481084043 0.356612146655308 0.42868406289270533 0.8923582677933005 0.3309308822748066 0.5085114902715832 0.32086332492208414 0.5787854750958068 0.5837865701394522 0.37598736940275124 0.6012656990755263 0.3531402579774138 0.43510857436363665 
./ImgDB/Indoor_019.jpg 0.3097812802309634 0.26528640328991726 0.6563349855983625 0.5954845084488456 0.3919646011038552 0.4125511358198898 0.3902145895544588 0.7403630305010774 0.7411620777413865 0.515724948524957 0.2998782457185028 0.25287794619801324 0.6516622569820492 0.5883336585888247 0.38118477369372683 0.41356473654345605 0.39174562372367844 0.7417485918765577 0.7433468846113584 0.5167897212501205 
./ImgDB/Indoor_020.jpg 0.5258481102458309 0.3892789139277757 0.6861124460667052 0.6656714411819707 0.8291867220746243 0.45747115654779025 0.4133915076178849 0.39942657585496605 0.4063432905349798 0.23882310308237897 0.5230732049601325 0.38547697473173853 0.6819118135824929 0.6623846137142557 0.8257412146782155 0.45550771640418386 0.412642218775687 0.39656340462292666 0.40406816603922285 0.2410774053562389 
./ImgDB/Indoor_021.jpg 0.7875688706782855 0.47651614294963235 0.34747757020084374 0.21694620484947108 0.4670410399428539 0.7017543340672872 0.604794351746023 0.5507665469139157 0.3355731212260676 0.5393943893407094 0.7815378449109893 0.4641416464517083 0.3358524627720597 0.2000574173296189 0.44754854439523883 0.703885722342514 0.6055706227518807 0.5526933209355654 0.3351049587125469 0.5457748874827879 
./ImgDB/Indoor_022.jpg 0.5006769759647645 0.28689850576255205 0.33896469409709845 0.30822757609430884 0.48689073273715816 0.747510775290479 0.5594489493152273 0.7123638579162765 0.6782285392636898 0.45245037100425883 0.4605669295066365 0.2552365817464756 0.30425910472083706 0.276312013298217 0.45055014876356675 0.7575425447932336 0.5629501588188022 0.7193980467698474 0.677158127282627 0.46436536685394386 
./ImgDB/Indoor_023.jpg 0.26249583692421685 0.4857574993160759 0.29534111457825835 0.33085269041831034 0.706675163302651 0.6000155651926491 0.5561187404479716 0.7420878516549568 0.6504293350365977 0.435324706096763 0.2339953277428266 0.4471108256089566 0.2796279538399797 0.30517335074613694 0.6739931283946918 0.601075085412039 0.5529721056977142 0.738475998978805 0.6553264915932177 0.44715122901718773 
./ImgDB/Indoor_024.jpg 0.23089707940459542 0.5665233943025623 0.39944108294612607 0.31171382847902196 0.49664815267163276 0.4437456794760029 0.8180235257459396 0.6423760000814496 0.48280799096977617 0.6368109345468793 0.21003845955829376 0.5530322477991437 0.387366234460563 0.2989626069015984 0.4774479330684611 0.4466694324600181 0.8227281047546702 0.6443086621573438 0.4854854930767396 0.6449731571391816 
./ImgDB/Indoor_025.jpg 0.5733730961798985 0.4103663929130193 0.7588481705884378 0.6756187313386388 0.7639972013085297 0.3378128464862852 0.3489067461540803 0.4229930084192369 0.41855830778803216 0.297806684347649 0.5678050716109968 0.4025989986394015 0.7551259461641272 0.6725215176721873 0.7545106794492635 0.33699939918718835 0.3512572786717949 0.42414992239539756 0.4205038796857226 0.30624612100011217 
./ImgDB/Indoor_026.jpg 0.46166067527767557 0.16964599009534703 0.3090238032847178 0.7134389740202705 0.6089459842406795 0.699675081565075 0.49655049894243497 0.5886409372814891 0.593628424515092 0.3880518352240779 0.4480029616137716 0.15223637910681231 0.29726096177333394 0.7032732750821826 0.5911932272964288 0.700340872208326 0.4988279253546579 0.5902391567255545 0.5929071032354309 0.39645593315663624 
./ImgDB/Indoor_027.jpg 0.26735421968930406 0.575917873417966 0.4557987488344828 0.6568754859213228 0.26021510462214237 0.46829575876636514 0.5715101948792141 0.7405454681796206 0.6854190710134386 0.3441868077643575 0.24658480218160195 0.564519586599024 0.4428711620912439 0.6434857742788415 0.22835230744551382 0.4749665368641607 0.5785207693779368 0.7424353695327869 0.6934276615878989 0.3587172969527814 
./ImgDB/Indoor_028.jpg 0.5644691326160486 0.35358471211081655 0.35999441316250114 0.22504280023519235 0.6946854255942019 0.7287733732654008 0.5333903380563247 0.6823782955332662 0.36769555154428124 0.5559168280997963 0.5375714140676475 0.3284564815138176 0.3342955414722637 0.1939103241001257 0.6535166740912104 0.7355392891770625 0.5315857665554425 0.6847374274125815 0.36426235511436483 0.5701938562776556 
./ImgDB/Indoor_029.jpg 0.6570298054902889 0.40838090681643857 0.5246667389663963 0.30026483805521464 0.672892046090836 0.691427024162728 0.3638988865494331 0.7361361626300114 0.2682637363069573 0.41807382412256144 0.6467144042431453 0.3922004754312776 0.5034253541556881 0.2802790168810908 0.6582961188155427 0.6914278300572296 0.36054128356985543 0.7382245016751239 0.26419846775800443 0.42365857822217723 
./ImgDB/Indoor_030.jpg 0.435570963881864 0.6276911795508427 0.49198049008443223 0.39929812049760105 0.9067459874300361 0.39854747981300503 0.5263196458502968 0.6462646800896672 0.47185840431830994 0.2405150703725416 0.37922198612419605 0.5826950352120004 0.4485413057573145 0.36645491402805397 0.8463272891972767 0.37748715055320964 0.5107847083602791 0.6323591912612935 0.4624160055175279 0.24892039210024813 
./ImgDB/Indoor_031.jpg 0.7151997940026372 0.6583497687417805 0.21832082734857294 0.3166398194627854 0.6361438760993054 0.6406036386895119 0.5821839022911673 0.3532504371583095 0.5789995973952364 0.3642970023655978 0.6947334582313821 0.6344152084729756 0.18822567678309998 0.28611182141292446 0.5974734451827479 0.6421983814382091 0.5856233754845989 0.3497147800095763 0.5799370036008462 0.37757818582873215 
./ImgDB/Indoor_032.jpg 0.30925454239148786 0.47859152170221736 0.23704780260074165 0.4194049212573134 0.8335742115661489 0.4562846711649641 0.6234220084653822 0.4362176887015125 0.6434775520828684 0.5924738739854352 0.29600353047167816 0.46362775743134627 0.22546122086534887 0.40719015135554393 0.8198399779798955 0.455169947508153 0.6235802868280559 0.4355590574166277 0.6450839424755667 0.5987353337497108 
./ImgDB/Indoor_033.jpg 0.3112811845293356 0.3427054871794799 0.3515014663244125 0.3247812596000828 0.573177408314595 0.6528988232057653 0.47039035078996205 0.723371943186246 0.6492408655822931 0.682032587205617 0.265323370829191 0.29788314490970447 0.3209300753938541 0.29899245340388986 0.5291268726622363 0.6602335368142199 0.4744984588079343 0.7289759068404063 0.6509765724022608 0.6916782320185134 
./ImgDB/Indoor_034.jpg 0.5689302973313827 0.47900948353175 0.18411202967479084 0.45569793351594223 0.47493948151447096 0.5966850092235355 0.5135934890123143 0.4248173893167721 0.8688218536656546 0.5096726168697402 0.5402837446713039 0.45242754727960477 0.14065777736764729 0.42250330167855066 0.44347946592144993 0.593618421788125 0.5022127667793254 0.4309541499600743 0.8747083984294557 0.52287484246811 
./ImgDB/Indoor_035.jpg 0.4180456556288526 0.5044819415209791 0.19794506508170256 0.5701676532891566 0.7114437900299923 0.4087948518277694 0.5412248663140478 0.32623438021830903 0.7828198035433742 0.5908593846725261 0.39870813614780415 0.47578093542508954 0.18397715324367508 0.5557998203257801 0.6866860062300452 0.40689935976173325 0.5335078401267671 0.32551501080916384 0.7853047251223095 0.5958036206809241 
./ImgDB/Indoor_036.jpg 0.20237336406269002 0.43780784699257974 0.43606825983806413 0.3974970565608579 0.7237248730215673 0.46980326352024904 0.6772537894689012 0.7587109512356229 0.43244251619714513 0.5557392393140188 0.16760578190507935 0.40202550566150164 0.4003653044287199 0.34997250193679935 0.662811710119005 0.4698958992457082 0.6772451363428201 0.7644046102912222 0.43583522708089106 0.5784171627765593 
./ImgDB/Indoor_037.jpg 0.3524930856218063 0.192708183092683 0.6597001579377229 0.5894594298808431 0.42042269275218563 0.5239002265687589 0.33329874414120547 0.7134836596542858 0.7055561082224601 0.5349650958913679 0.3456611651730481 0.17969269100470014 0.6506791413950974 0.5788756133732875 0.402326263054797 0.5237414032680876 0.3341145096981193 0.7121568902718611 0.7061351622005113 0.5406297767971682 
./ImgDB/Indoor_038.jpg 0.3272426343025048 0.3551778423054174 0.3523711869109154 0.2700967800693751 0.7366289252538747 0.5516924376716502 0.5535443543251659 0.6726849023718698 0.4887179975942917 0.7239422431572774 0.3081438973784645 0.33927115742179903 0.3372007305975297 0.2545115470967033 0.7177358484233971 0.5566700104020942 0.5566850928396303 0.6753655728263692 0.48920018384700403 0.7331166552046671 
./ImgDB/Indoor_039.jpg 0.4006540140094821 0.3391417307710839 0.6859831899002484 0.633378671816323 0.4064787304850435 0.4065012796235676 0.40907882635097886 0.7461518586507276 0.72677465803993 0.28258987422080295 0.38463490576541404 0.322925380239487 0.6742836877530607 0.6200981968721737 0.3833452446546489 0.40426546354782317 0.4068747370719436 0.7494811187764981 0.7312676765189581 0.2860907549318061 
./ImgDB/Indoor_040.jpg 0.41198021837462295 0.46255863477906906 0.5447175438002916 0.23056487414544108 0.5787522122998012 0.5206755313575596 0.4591403048697555 0.917273661805152 0.47261392540652847 0.48120368409179964 0.3897322515560584 0.43301471475055364 0.5239735540639939 0.19505648967195954 0.5401753514451957 0.5130532575291928 0.44877747342568725 0.9155922745590336 0.47056063345786836 0.490583408610433 
./ImgDB/Indoor_041.jpg 0.3065067073893793 0.6141580833030515 0.29136927298290693 0.29170042190021567 0.5712855238985876 0.3434132851207546 0.693767939375028 0.5717466181302666 0.7125906964614428 0.63270819023712 0.2944366099881487 0.5922966420671562 0.2775957231002657 0.2835030830234442 0.5543885100755676 0.3455761326251372 0.7024593231084095 0.5729161125662848 0.7087205083015942 0.6388606163452349 
./ImgDB/Indoor_042.jpg 0.4688928722967164 0.6822363542260291 0.16956245505356876 0.37679645640289017 0.5855847390170825 0.6849884164708295 0.5358316336848806 0.32400475767569487 0.7075189112722772 0.5013949846166337 0.4443709347732448 0.6662157051073756 0.16299876727962026 0.36158182814287754 0.5601045030786145 0.6899779305836784 0.5365380587333611 0.3210110917596042 0.7084961339863807 0.5118934658386367 
./ImgDB/Indoor_043.jpg 0.49278538795710164 0.5770740136557535 0.59091671461039 0.6413206025700651 0.8520644175825648 0.43776118517652085 0.4239006336879079 0.3835989252976164 0.4069773173212087 0.19943350730909498 0.4894577632163991 0.5742023025667521 0.5902028737135036 0.6389102542999164 0.8491073362081851 0.43661224254557146 0.422875752528426 0.3832085705382193 0.4058569228405121 0.20373327637428912 
./ImgDB/Indoor_044.jpg 0.5841123894515519 0.5460129726079408 0.45056559079221875 0.22580756059022206 0.5556783113942257 0.5778023493661957 0.6698958855496188 0.7622812167208994 0.5323010501113788 0.20545470887196526 0.5392048739548109 0.5161394679782387 0.42847709293984165 0.2104666449585026 0.5150242365798212 0.5545450294636073 0.656509541027854 0.7496624261248377 0.5246120909370914 0.19544656057917498 
./ImgDB/Indoor_045.jpg 0.572512735689443 0.5024702775585479 0.6444339972824552 0.6386472826191347 0.8134498266081578 0.43455904862231204 0.4264759602827398 0.40207521168948634 0.39657016204272405 0.17659545563823265 0.5685802171508597 0.4998299767639977 0.6434403929028436 0.6380620270273957 0.8120192757242591 0.4324201480624902 0.4241637683632712 0.40134471219047524 0.39617804009487634 0.17617148368629654 
./ImgDB/Indoor_046.jpg 0.4709578002065738 0.7173565721945714 0.48390250037668386 0.47544649484889434 0.8975186318538 0.340575734343595 0.4517090060194326 0.49302913341894083 0.4458165079028568 0.26482676577455977 0.4501623790999617 0.7021944928286554 0.45651786730848104 0.4557687527153034 0.8725251725670202 0.3421289372601585 0.4509318031633187 0.4974993655163669 0.4464222491858114 0.28470983341501155 
./ImgDB/Indoor_047.jpg 0.48587388156418093 0.46623277711635386 0.7277728227876264 0.25684508636264824 0.7589446277611327 0.38389794792574505 0.41173657751216414 0.6727180042028444 0.6191515072080208 0.3147243108090841 0.44334341493607093 0.42864228378627917 0.7018482033819337 0.21852957207589674 0.7089796242043875 0.3745453651391054 0.3963360146214209 0.6791234563829925 0.6250558650461568 0.32569865717595725 
./ImgDB/Indoor_048.jpg 0.6517501239033778 0.7387910997287221 0.2803767935166692 0.6544122714365902 0.6619825191401901 0.6154131208091201 0.4757454163634914 0.4139592684689297 0.2712137850687216 0.3044830492580253 0.6209779481215822 0.7259190539801045 0.2554088492579906 0.6184132876811353 0.6229014434519174 0.6173889038137631 0.4752850056170021 0.4128681799393598 0.26277094816195945 0.3199389322813463 
./ImgDB/Indoor_049.jpg 0.4891210684949895 0.16966391506795087 0.6831275168145373 0.28509950446333143 0.5793094616452046 0.6063459302948321 0.4155072884048398 0.7257437105416699 0.5770454357470995 0.4959237583164771 0.47343375542956573 0.15394018339993765 0.6650365759782071 0.2652741276786767 0.5513172132298564 0.6142840543753705 0.4210777571346937 0.7303023862197381 0.5834396890658942 0.5150066676971327 
./ImgDB/Indoor_050.jpg 0.6287617982566958 0.5602394670917754 0.5528817993110855 0.6260775356849843 0.8486631858798359 0.3521033675656408 0.3223280490783549 0.4321023467660982 0.4444370539081561 0.24466380824645706 0.6211233334403403 0.5559195126969214 0.5447092310422753 0.6189771015523514 0.8388863436380276 0.35374506041361614 0.32330850077568224 0.431467934442199 0.44343042540966093 0.25617414479983847 
./ImgDB/Indoor_051.jpg 0.42343950518472123 0.5080342315779008 0.42973174499997896 0.7133235022800982 0.8277201533688133 0.38266716984977345 0.35686927911356525 0.35563630839180727 0.6982253631851126 0.3271881796579748 0.40279044325729196 0.49355586125725837 0.42234839801100627 0.695732932482098 0.8063983362410108 0.3846796632553036 0.361213872441815 0.35815027966664964 0.7074917575743426 0.34480301820348325 
./ImgDB/Indoor_052.jpg 0.6350184881429045 0.6424871545426878 0.6023120663621321 0.5136087524409236 0.824562377854642 0.400491491997503 0.3855544307808661 0.3826456619715799 0.39786978244331617 0.21786808857519901 0.6338687661637864 0.6408440479347355 0.6004824694174093 0.5105896006296172 0.8205546461998734 0.4007690077129967 0.3855520347580764 0.3833074795546642 0.39843127011840046 0.22318238239868815 
./ImgDB/Indoor_053.jpg 0.7214128847911696 0.6127300862008851 0.5663666187339305 0.528163401095427 0.7610123544483561 0.5079429594239536 0.42659300560024355 0.33981784526949976 0.3507260940553443 0.19607215006345008 0.7196580740386355 0.6055528342571869 0.5660764292501781 0.5216774382360605 0.7563936317750195 0.507479710902578 0.42470527958567816 0.33969535456973377 0.34866069065817407 0.19926315704449837 
./ImgDB/Indoor_054.jpg 0.7588216404255153 0.4808556874324651 0.35473434392556574 0.18109465193482738 0.4970294039302057 0.7300181616219326 0.634055858299914 0.5184539491534843 0.3776922124050447 0.5085035922574419 0.7368889185666986 0.46695411265533093 0.3371776796305712 0.16657042293618085 0.47379457008534925 0.7258808040890729 0.6333077498030126 0.5212982676642931 0.3813849462690746 0.515483026914024 
./ImgDB/Indoor_055.jpg 0.24832822723594922 0.5084483467867993 0.7767686437327748 0.6141884367745118 0.6052971178631908 0.1817190083313166 0.5794272964075139 0.5227597109222576 0.5340776609549501 0.44513351722093447 0.23617394482985038 0.49781776910947473 0.7729821918618685 0.6086855360886314 0.5930892320721726 0.17815422540838438 0.5822372289922624 0.5245192169032754 0.537011153570069 0.4531815349338133 
./ImgDB/Indoor_056.jpg 0.7507172569199054 0.7067661113515613 0.372473392459968 0.3996444547566294 0.7002199891014043 0.5554253059989338 0.5632219981625721 0.34888486743735736 0.3670296161151639 0.25047535124879533 0.7451299171687099 0.7009564452237951 0.3659231015902502 0.3910821101789457 0.689171757725688 0.5570309740129368 0.5647068149523704 0.34807303269706236 0.36637545555666234 0.2566920473412854 
./ImgDB/Indoor_057.jpg 0.6298988693865354 0.6967778218603935 0.5306695110471483 0.4512013893674218 0.8436391632301179 0.3448002049485306 0.37683522375877193 0.42678791460255133 0.4385463892295359 0.26466256891510315 0.6283941188998475 0.6952488569980577 0.525653676091522 0.4458061958599791 0.8400600478962641 0.34551312508492404 0.37673388305839506 0.42957016216102023 0.4401208780218323 0.26907999958204565 
./ImgDB/Indoor_058.jpg 0.839444193084272 0.690473016565388 0.3243669377194701 0.27843417865307984 0.5750425270924301 0.5675611228022833 0.3913154319703621 0.5609962374028755 0.45117847648454823 0.36826004564334003 0.8230818692828029 0.6785451585993181 0.2941441595465314 0.2514951041070149 0.5380862018989078 0.5662550725691798 0.3923499196696778 0.5716358486827051 0.4537740953573524 0.3835604028684586 
./ImgDB/Indoor_059.jpg 0.4689655442775905 0.3670444568444258 0.39406289691029034 0.4018276783291573 0.6450186328535437 0.8014443471867848 0.7318177931813755 0.5809978300084526 0.3201857407966084 0.35687860134365856 0.42665498372424715 0.33018257338114565 0.36048354979790465 0.37066441127199834 0.5889364159854071 0.81775172079531 0.744518405620844 0.5857603290713087 0.3248819091848626 0.38192217943508155 
./ImgDB/Indoor_060.jpg 0.3959949197642217 0.7514177039410344 0.3551859508195328 0.5900097851087138 0.8077649864683198 0.3658486488163052 0.5991854915423638 0.34981932270221966 0.48117908314017777 0.3209324156871844 0.3873090663481127 0.7482116441368407 0.3486963638907391 0.5840651875743591 0.7982147608455692 0.3647437223356621 0.5989354633535118 0.3496501723263008 0.4775849045564431 0.32525040664238836 
./ImgDB/Indoor_061.jpg 0.6398767600389126 0.4962424519902252 0.10166189115692481 0.37929483724239094 0.6930659612751123 0.6791196540253992 0.5469922358126528 0.45569199030207147 0.5506969171647804 0.4859438557936699 0.6265674750656687 0.47957998412988356 0.0773216689508805 0.36067445371584317 0.6733757887763075 0.6861630153887975 0.552909224335756 0.4611444736316386 0.553902702773466 0.4997746584296152 
./ImgDB/Indoor_062.jpg 0.2507342659091856 0.2975937822634535 0.4252235970480094 0.6311352453807219 0.6112586580778241 0.45847612571217317 0.523079872676897 0.3870414106616295 0.812174975278729 0.6456084091567966 0.23286878992470794 0.2780285125021069 0.41628670815521657 0.6111320556109266 0.5871045677540145 0.4563560837222064 0.5242853238430889 0.38654830144450697 0.8116902377996726 0.6533730770781294 
./ImgDB/Indoor_063.jpg 0.43941191865960433 0.4688493410648278 0.7389000946159763 0.5852239458403868 0.7205429013363838 0.4016291136884595 0.3688054114538212 0.6886879403878741 0.4231529644950796 0.1859733205825283 0.429924590849299 0.4539184955610074 0.7308806604077845 0.5750111944821984 0.70818797234724 0.40043907770991793 0.3654189369359744 0.6921977020062345 0.4244091435866655 0.19843527398873667 
./ImgDB/Indoor_064.jpg 0.29366146537071647 0.3772984047612143 0.28051659585059674 0.32598222542393174 0.7381687143178142 0.5258820599069666 0.6480151456567091 0.5569909163381007 0.6128334544980721 0.6832878462072112 0.2776454623433313 0.36264413934013223 0.258833795603729 0.2999353022460208 0.7137690014492143 0.5235297595391615 0.6498552415427146 0.559004371296558 0.6161298910112228 0.6960162072965826 
./ImgDB/Indoor_065.jpg 0.5820248257556497 0.6351772881525086 0.49704781308648405 0.5262191792856595 0.8637216081096569 0.37409905780171027 0.45052532184785304 0.4982614442647366 0.43461000057112126 0.16737200191863222 0.5655405965239372 0.6235777176294373 0.4885026481662643 0.5180223087997505 0.8442324857191859 0.3720890905025185 0.45006285152875725 0.4948849475002928 0.43440746658959933 0.17962134624624432 
./ImgDB/Indoor_066.jpg 0.33681575122745844 0.44121603115613744 0.6575808773173967 0.3367374825774515 0.6538088333460921 0.39777786359162826 0.43586101827766777 0.8834394700468593 0.46108091092561443 0.45517842127291624 0.3029456241357239 0.4129938708407137 0.6358070438444843 0.3152136038255291 0.6210698144867165 0.39559006832146315 0.4336141935239888 0.892209644292507 0.4603615627032991 0.4706979142863521 
./ImgDB/Indoor_067.jpg 0.5834939374676442 0.6176403746753509 0.605375402123334 0.6206560662778379 0.7801259102195385 0.41341928596007593 0.407482914545533 0.4144246799406748 0.4060787710449503 0.15198411422285468 0.5827877160159676 0.6172929641226569 0.6050159912061255 0.6202636543582146 0.7800593081964832 0.413586841795065 0.4074076286221792 0.4142419819894123 0.40577658006697687 0.15288587714912483 
./ImgDB/Indoor_068.jpg 0.3130380414694579 0.3606665267775033 0.32527864926581085 0.653467646859362 0.4100242656837531 0.4879993490700613 0.5496619713198565 0.5360920400498124 0.8801377853516696 0.5234130607674273 0.2963097332475536 0.33836908158978074 0.30822817395864177 0.6374968666487556 0.383239120070479 0.49093182644041344 0.5519115762705427 0.5373234737055997 0.8846243999117391 0.531786411541779 
./ImgDB/Indoor_069.jpg 0.5285778676062775 0.512929164878058 0.29711829860276295 0.3277028853312668 0.3294316372929411 0.7328606716138847 0.7670829184967389 0.6081328656447185 0.5745875120579241 0.3676271666065366 0.5056477548814876 0.4848461055545973 0.28112984115375206 0.31111819165655313 0.2882313810040211 0.7404150880551221 0.7764067484191617 0.6093388382449855 0.574634780360961 0.38218028253824454 
./ImgDB/Indoor_070.jpg 0.5112546897797495 0.7142054665737376 0.29512741068664383 0.6049846308470579 0.8295495119944112 0.3682956500414648 0.5493505226011698 0.34906540227328653 0.5081439247637459 0.3119299292470218 0.4972562537452147 0.7015323495288469 0.27168263574075846 0.584410724929185 0.8073592674867942 0.3672952803935462 0.5501236544527096 0.34654716334881763 0.5102814592134097 0.32160407235242683 
./ImgDB/Indoor_071.jpg 0.1723757121725959 0.2643887261382982 0.6227808217999121 0.689870489401051 0.5334007689909522 0.42644000148182365 0.46703583380186664 0.6695199827386313 0.6660768951231822 0.5207448536390026 0.16106933994158812 0.2601396417407286 0.6095749098025774 0.6735383416835083 0.5199785085008695 0.42275475694582587 0.4641956925780144 0.6683229500807935 0.6612547709312621 0.5265370025075152 
./ImgDB/Indoor_072.jpg 0.41526786884646 0.6628628645056616 0.23934345836873533 0.6484644642303876 0.3489463808271404 0.42947158841447197 0.7208697500620742 0.4778329756099111 0.7325189879250704 0.35667417192885054 0.4043135868221501 0.650259691270154 0.22728381821076998 0.6395249129886976 0.3401662311129988 0.4216147184320893 0.721055651768959 0.47520500978763125 0.7306388992660326 0.357684969621753 
./ImgDB/Indoor_073.jpg 0.6646738256526459 0.6842669394135961 0.3807847594389928 0.42544824458539793 0.8590679276132871 0.4144127292243266 0.40134095672117864 0.4332182031853076 0.458817385926921 0.28506435661125407 0.6627353498910955 0.6829775312255529 0.37615619857446914 0.4213771182251805 0.8558007723483216 0.4151053097253412 0.4017544715744371 0.4318653822097898 0.45716797475943477 0.2879645630934685 
./ImgDB/Indoor_074.jpg 0.27652073788857356 0.4559204187727413 0.697366504773606 0.5902551223139939 0.5499796126025719 0.2922910820950645 0.707513811701753 0.7026083593749094 0.507876937878503 0.27674163164181453 0.2503290442035882 0.42884262506680454 0.6736423085922191 0.5687364743599388 0.5076473159812042 0.29632510113566923 0.7176374927736281 0.70277399960353 0.5080487492775574 0.28894266996232565 
./ImgDB/Indoor_075.jpg 0.6680433640436786 0.6440705207589749 0.7096804635550036 0.6909894750910097 0.6137917462160788 0.34237931520010245 0.33466330343203377 0.3222813570332056 0.371065562411276 0.30640490021008815 0.6666033893434629 0.6426417004182963 0.7052075653807078 0.6894841677135065 0.6121701148034051 0.3444336765876025 0.3362160897882264 0.32198515752055357 0.3706333621486937 0.3072547683440941 
./ImgDB/Indoor_076.jpg 0.602266446061718 0.5675823829315721 0.7390171542075603 0.7344340023691106 0.5203978829819874 0.24546685250493522 0.3869066930792029 0.5670205791254738 0.4324029099061776 0.21851603919360402 0.5893486934998001 0.5540921024562889 0.7210740415467419 0.7212365750464441 0.5044534930877771 0.25611857300474594 0.39999922218452655 0.5760354345478551 0.43567476075050526 0.22795616151397452 
./ImgDB/Indoor_077.jpg 0.7850065865310454 0.5907370746474547 0.6251737495804779 0.6050345164197662 0.69472052967493 0.37765825007548826 0.2675862701103603 0.4134301903524642 0.2875594961341948 0.3808927366366931 0.7787061287210548 0.5684081140293141 0.609820835430953 0.5856043275860784 0.6819652862942726 0.38173513722266 0.26838326521755373 0.42077881468394274 0.2899947499951888 0.38680394065610796 
./ImgDB/Indoor_078.jpg 0.8267892517415962 0.6706844901675851 0.5459255712371959 0.4765126266550767 0.6978017866861648 0.29676169182707934 0.37644978052752887 0.39269848433410703 0.39358721476553205 0.33485368528965087 0.8220279352905129 0.6666454187665269 0.5324076702303757 0.46569219376175014 0.6892805175134405 0.29981789874475606 0.3780847123403948 0.3968063744084419 0.3960854448451733 0.3410872508671101 
./ImgDB/Indoor_079.jpg 0.7591823204052071 0.724109429191786 0.4657679490844729 0.28591871159149923 0.24705424066617654 0.6220966110343689 0.5502551709529481 0.5659861439106828 0.406713496599899 0.38702553501177 0.7433243576002936 0.7092967211061356 0.4463318192301601 0.26193237453157225 0.22665230168229145 0.639513644400133 0.5641481384536217 0.577770226400494 0.41951440168901505 0.39740640645747655 
./ImgDB/Indoor_080.jpg 0.6617625116331136 0.45463892552117996 0.6337137225471996 0.26323022765701476 0.424340429983996 0.7143377197452169 0.6057927368145497 0.5979374464840003 0.19079426121511156 0.48803186256935915 0.6328670983234972 0.4276571400664396 0.6161421377914853 0.2349996255599368 0.4036321116619397 0.7294307285621012 0.6147046090611763 0.6097935173397313 0.19759144302307846 0.49860174443987443 
./ImgDB/Indoor_081.jpg 0.3891029764925474 0.4352384335260382 0.4043398272046364 0.37019385534340876 0.9734803129139864 0.5040886223747506 0.4013073602472693 0.5162247226539177 0.49202716866304413 0.5345210365736076 0.3703593805443352 0.4174077858509773 0.3945533630055289 0.36439535397487044 0.9615232502037604 0.509778791120951 0.4058186644927649 0.5162691600583108 0.4926770694783835 0.546692865276909 
./ImgDB/Indoor_082.jpg 0.6156943309029981 0.6883232383921475 0.3134303168604178 0.3234232353136294 0.7622826773728018 0.674028717597928 0.6093993127161954 0.3811752683594713 0.33792940780544034 0.3589926901275264 0.5892404390758308 0.66096026614801 0.2926712391395597 0.29953984673444756 0.7266195571070525 0.6730046553339069 0.6099057542145568 0.37519588136222537 0.3336097435813258 0.37457342185452974 
./ImgDB/Indoor_083.jpg 0.8134372241434231 0.35833527491756945 0.3166152091805283 0.4133019558028057 0.4040173380164811 0.814089902485309 0.4573407536713573 0.47934807603181184 0.4969581163684448 0.47526219427379235 0.801266341874227 0.3434384761923279 0.29943928898661154 0.3975271348724189 0.3764779536033218 0.8195013899240713 0.46078146784845503 0.48306022263521126 0.5035749130627095 0.48622676610912324 
./ImgDB/Indoor_084.jpg 0.44155518318614245 0.4618265494845971 0.25619904916986086 0.28859637108735614 0.5345391442881661 0.804231150969931 0.6250558883409654 0.4057743884240396 0.6505687522079657 0.5774896066224426 0.4100873087077522 0.4416885216373222 0.2317981126039903 0.2677524337926597 0.49199241320441006 0.8185012903442124 0.6354959581212217 0.4047393918703576 0.6537453314538723 0.5983631544827277 
./ImgDB/Indoor_085.jpg 0.4075352580737342 0.6994291431319163 0.5475588180864686 0.6245018415995645 0.8302185852428388 0.34137227633887113 0.42914104562031985 0.4088241745114015 0.4733538388488185 0.24077045377845574 0.40516263768742217 0.6986776457849807 0.5445930426035784 0.6215926169203735 0.8258704567806358 0.3430288941440953 0.4292820748795405 0.40827282865207154 0.47345872243495307 0.24735564487996198 
./ImgDB/Indoor_086.jpg 0.4538263131437943 0.39162373459088434 0.2852367507831504 0.7634299947947751 0.7471987011886942 0.4381486884011536 0.40040011206408876 0.40007289003252994 0.7432851361161842 0.40173006167997316 0.43261204904013534 0.3747808433615146 0.27235656120513513 0.746945043188252 0.722024553855908 0.443398708987628 0.4071504510745836 0.40472860464999283 0.7507929004672892 0.420257901374333 
./ImgDB/Indoor_087.jpg 0.3086277595618719 0.6893218666648355 0.6531510846199693 0.5423918266466216 0.7346507677742785 0.3662068379003699 0.37407012289863106 0.6753101359311934 0.4455321629183845 0.24622284191009008 0.3006558394764453 0.6787100027435755 0.641210961961577 0.5343938622722315 0.7202482759775305 0.36197239081589994 0.37388500061267416 0.6664497553527106 0.4382455023429428 0.24874300161816965 
./ImgDB/Indoor_088.jpg 0.23776652181239805 0.4718991497645821 0.276907073629577 0.4201907310264138 0.6904746785593608 0.468257636507452 0.6803341777275123 0.4626359183869418 0.6511405374573833 0.7091985214115016 0.21531143418868565 0.4448620273259256 0.2463383556498785 0.39062257983283577 0.6514868612360133 0.463501000080254 0.6824075638633613 0.46108691074122904 0.6557328343427945 0.719845486455901 
./ImgDB/Indoor_089.jpg 0.3699857087254743 0.6926675817362903 0.3118692091767591 0.4521050573323298 0.5333713854709403 0.25033359429830726 0.5938223551689417 0.7359968996986506 0.7111918645200259 0.40259843070036166 0.3449004555437625 0.6627903606300249 0.2846693254225068 0.43419162749918283 0.48963795793511405 0.25365836174707856 0.602242393971916 0.7410297073937999 0.7120358332149699 0.4209018898135663 
./ImgDB/Indoor_090.jpg 0.7376547244568187 0.6163084665917848 0.2983566001654998 0.2864857705917465 0.792958479058967 0.6261000193572712 0.45594586439832563 0.41145753359844617 0.37439457696623424 0.47096488837296807 0.7101723922924815 0.5928818676983726 0.26901327650028417 0.26285892153683355 0.7554262587894551 0.6248774481228027 0.45299985417742417 0.4042047495193312 0.3722227807324573 0.4847155270724944 
./ImgDB/Indoor_091.jpg 0.686260757990942 0.6078210009586147 0.4864454202294768 0.5905098280455862 0.8415302085715628 0.3421879611260724 0.4076428987779601 0.38263189765488276 0.3844134925750456 0.2723496902518897 0.684820552615922 0.6035494283720734 0.4829441900528298 0.5863566776618082 0.8353148372022914 0.3423934005865524 0.4096284352708063 0.3846744603159047 0.3867675164991099 0.2817573452406692 
./ImgDB/Indoor_092.jpg 0.7024532635766774 0.6426789413224134 0.3340941208822912 0.48568427323516355 0.8399395630488573 0.3882491925733645 0.4594202133971158 0.41149937034568507 0.4730015158165664 0.2695369207473451 0.7009539937568958 0.6370453850689664 0.3284017285322024 0.4773936368315921 0.8367151348239732 0.38859709818649363 0.4592839959901942 0.41396534900497517 0.4759559366802758 0.2751303661789495 
./ImgDB/Indoor_093.jpg 0.5468305404124058 0.5949629527531801 0.5473980179426828 0.16112853039245012 0.6354881568377022 0.5358879704113789 0.5132848959188886 0.7774665656715402 0.28895711534568314 0.43505133321280004 0.5312807962683739 0.5790026472141372 0.5304037855397639 0.1390850376917248 0.6139175620788745 0.5379833931610616 0.5155321063730678 0.7833726001221728 0.28686284684507063 0.44610314580703847 
./ImgDB/Indoor_094.jpg 0.30141883201340713 0.5168567038525101 0.5185219276231877 0.41537238024212964 0.7679934905139829 0.19885486355801502 0.5256546199883562 0.6849885910721811 0.6674926554212453 0.4902541424428267 0.2658069877149945 0.4832982727440835 0.47880688488330153 0.3734515508953327 0.7240410156081893 0.19195506947535396 0.527151318510736 0.689516418290369 0.671513887339569 0.5070503878102243 
./ImgDB/Indoor_095.jpg 0.7767905629937183 0.5824393577415758 0.46544032258324036 0.6694749277957537 0.6272416398476415 0.492034523988304 0.28817687788921087 0.4731936184336889 0.472300961459281 0.17099165611750272 0.7712447424980557 0.5751192929767165 0.45884529280461467 0.6620712051478674 0.6164149154859017 0.49287627624879454 0.2890427524723691 0.4710583113729304 0.46809891746359644 0.177143844679236 
./ImgDB/Indoor_096.jpg 0.7458967239597374 0.32745898153370423 0.41145956975053594 0.36659946550989453 0.4226702931876288 0.8425136190268043 0.37650292363320653 0.5881096155346308 0.4045063315424132 0.5337303642045177 0.7383116775608924 0.3140500957783277 0.40122219526516684 0.3597114440479912 0.40860071575676987 0.8473164611820552 0.37760826054208635 0.5893160988252817 0.4057789729564034 0.5386361902019529 
./ImgDB/Indoor_097.jpg 0.5789088986905264 0.5320752635593593 0.20779834918710932 0.6900150098835429 0.6378944863254269 0.46950140143678265 0.4625307909350247 0.3646620604465525 0.786085432807968 0.31691830367954255 0.5610831501811746 0.5080106303439642 0.1942209477093309 0.66871218405536 0.6046687980071963 0.470878732917622 0.46590922558415526 0.36043643534371655 0.7905145313549344 0.3291753675507094 
./ImgDB/Indoor_098.jpg 0.45103806556486564 0.4100340311996508 0.3085617871309878 0.3033945160294038 0.4023894400532839 0.7725011402192656 0.6203966122717457 0.702437655877692 0.6772544236460281 0.38559507626396866 0.44607667528444206 0.39880846380326385 0.29249295779418744 0.2842138487071949 0.3874681431622957 0.7686289166204272 0.6192406331428132 0.7014908522752619 0.6776388782731217 0.3903378826800994 
./ImgDB/Indoor_099.jpg 0.45603829001172824 0.5955049473623131 0.42499847715613925 0.7542833553150179 0.8386718485007983 0.3624694168703082 0.4015656120782554 0.33924118462740976 0.5404823375774184 0.3082456834794388 0.43699431460559246 0.5806765888030463 0.4164247575782995 0.7448326105540009 0.8217405948244454 0.3664590765441291 0.4051412724328218 0.34095878484610176 0.5433991949696061 0.3218716518631297 
./ImgDB/Indoor_100.jpg 0.8353734032977909 0.6064607961166741 0.38775139375044965 0.24132104651354092 0.6261484873917128 0.6085137395761718 0.5035066180770333 0.5167116893328307 0.34512936016908896 0.34354508191181554 0.8311665484583863 0.5978962042550402 0.38424378859703945 0.23661125106472036 0.6156889451049247 0.609703181260887 0.5063230974294786 0.514044488574653 0.34255254856652667 0.3473083305512351 
./ImgDB/Outdoor_001.jpg 0.7895154391972591 0.6892994749609641 0.6576631339638099 0.5873757041566403 0.5550336634218663 0.30365360670277053 0.3912877675468928 0.3236297818198669 0.3284576232576901 0.3729443039264892 0.7865876764878632 0.6870523263109565 0.6554496529345869 0.5857226899910648 0.5504792925239808 0.3068739257743046 0.39431981151915024 0.32702287944383607 0.3311712708529957 0.37645997520701113 
./ImgDB/Outdoor_002.jpg 0.6917573131711727 0.6872927251352785 0.6272091331518259 0.6011778126113664 0.6858822426297057 0.28598230637025374 0.293851995872086 0.40773744594811356 0.42928731317214675 0.2915243817249414 0.6914628013201716 0.6870193758124931 0.6268617149802856 0.5997775586610978 0.6854833289728407 0.28583195654535787 0.2940439689053891 0.40765076306928516 0.4286537661001607 0.291512095846027 
./ImgDB/Outdoor_003.jpg 0.7697153044360663 0.7866778952065898 0.5030605121679481 0.5147666396661905 0.6174227059396369 0.3632273730837494 0.3195272062690353 0.4335450978059665 0.2821797584224014 0.4113025799955657 0.7685566132382771 0.7862235167540272 0.5006453521306791 0.5098040321940707 0.6148512062506805 0.3655511568545121 0.32163391870296226 0.4329250891491171 0.2844109311252568 0.4139731106072678 
./ImgDB/Outdoor_004.jpg 0.7658567940003354 0.7308225572993426 0.6347532517832318 0.42333155509805687 0.6611885905439419 0.33402065148969606 0.3242266420172282 0.35403443918076555 0.3911911734289024 0.3792385812764218 0.7645048054713957 0.7298931008243651 0.633838050775662 0.41781297855521493 0.6592629620065191 0.33661192247920324 0.32643924565793764 0.3551365518639067 0.3950790388359949 0.38275710741187763 
./ImgDB/Outdoor_005.jpg 0.7726958991367749 0.8182289457190816 0.4754591936139476 0.4260436152870229 0.630561402584456 0.39377018975739747 0.3402419627683947 0.32936505113158565 0.3784437152165915 0.4426705318076641 0.7659988843220931 0.8121014816759415 0.4695324821199846 0.42274304037035637 0.6268717286258452 0.39444398328440167 0.34013552926395324 0.33308652002184314 0.38030899030525006 0.44729685298741373 
./ImgDB/Outdoor_006.jpg 0.6997138919598167 0.7094056827584255 0.610300851684123 0.631957148369128 0.6703166063403673 0.32730605602722396 0.29869477639925024 0.35736492634496686 0.357104876604865 0.33949033452796973 0.6979408573019747 0.7087378963833708 0.6095866912552451 0.6308611748971054 0.6684349791064893 0.3267352438324505 0.2985464191517913 0.3583617224707 0.35900341948928927 0.3401364450954458 
./ImgDB/Outdoor_007.jpg 0.7178494392868844 0.7069364784973386 0.6307106163489896 0.5530791517755757 0.6781912693485523 0.2812578076808897 0.29200167566547197 0.3675332605257331 0.4346094277658223 0.34312359858691033 0.7135406069793107 0.7026006427053602 0.6302828243065786 0.5523013803629196 0.6778796633508823 0.2807408204433267 0.28982501407010464 0.36882223838147976 0.4348454011068971 0.3438686828109714 
./ImgDB/Outdoor_008.jpg 0.726284658455701 0.6474073801979259 0.6716238717081212 0.6170937381855873 0.6550995888225049 0.2785457593002101 0.37678172360929973 0.3498348265819887 0.33066414802228 0.34635698170949575 0.7261225982054037 0.6456364427340823 0.6709747931862584 0.6165824318144941 0.6539220347557448 0.2790792832417528 0.3770855057821961 0.3513416888315184 0.3315766216214854 0.3479859232339491 
./ImgDB/Outdoor_009.jpg 0.717714619727355 0.7197427924971378 0.6157237513734974 0.5619938811236427 0.6714287214480059 0.2922891662567524 0.27701418616911 0.40414704500426735 0.39310797207091414 0.34814310603051923 0.7173466473077936 0.7197184182556712 0.613374782135379 0.559901627686778 0.6707014255332748 0.2926647192422096 0.2774237725487937 0.4045471782701095 0.39328936940804504 0.3497268179107442 
./ImgDB/Outdoor_010.jpg 0.7530653217607179 0.8102410759110371 0.4853441120289903 0.532061997360755 0.6208793448431135 0.35988590577310803 0.3029103674926166 0.335338356893222 0.4036249319323773 0.40221003881044814 0.7513367484022792 0.8079005411790571 0.4786624219229983 0.5275421840691594 0.6170793837454179 0.36234603775479435 0.3047706236156795 0.3372231755360433 0.4028858005171881 0.40469163045099593 
./ImgDB/Outdoor_011.jpg 0.7408147859919834 0.7204328777528587 0.6045273792101209 0.6165437551734197 0.6278973891887164 0.3594496941338077 0.36294033048141117 0.3036933239778312 0.3194319933597687 0.3526395354847316 0.7396633438944978 0.7175300680206091 0.6014804951413492 0.6135596875153717 0.625786988307339 0.3595765451970072 0.36156935391896367 0.3022040589080712 0.3182929585192038 0.3519654358229379 
./ImgDB/Outdoor_012.jpg 0.7509454852626853 0.7103581938015086 0.5812737342558982 0.607186302772763 0.6563124544191575 0.3100153377012801 0.33300597828427414 0.3608291367622595 0.3336747247354773 0.3603537917907682 0.7505312868208651 0.7087452672047659 0.5777066406515934 0.6031565259592007 0.6530505839698617 0.31142797712011105 0.3348561808455365 0.3596815857809767 0.3345762638559624 0.36231254800505486 
./ImgDB/Outdoor_013.jpg 0.7438528701986022 0.76116933723606 0.5802628039722122 0.5592369877508685 0.6378488704496178 0.330527191638447 0.3099307205511286 0.3415155036340353 0.3633990955601907 0.38016048814170206 0.7403878060266094 0.7581976724455841 0.5776485116538306 0.5570142758551755 0.6358543457067146 0.3301360181512597 0.3099839533573162 0.34014923972797073 0.36281049767068285 0.3799138102719908 
./ImgDB/Outdoor_014.jpg 0.7342824576122704 0.7480310673908062 0.6020699397155121 0.5558750584844501 0.6522183738975409 0.3635244232106718 0.33941462030335423 0.32677006273912856 0.32692256607552383 0.35120364396556336 0.7330897239822937 0.7465748879043255 0.6011807516653301 0.5544678379624526 0.6509463733726868 0.3647052281578831 0.34129311268408125 0.3270093985898345 0.3276363362515947 0.3527841360346954 
./ImgDB/Outdoor_015.jpg 0.6612311251167968 0.7051094528099252 0.644619900398729 0.645089520204339 0.6700081301750023 0.36939764973763695 0.28355716774056816 0.3499480140888362 0.3423391531370341 0.3303955456711767 0.6600287093057885 0.7035296076585021 0.6441199444144008 0.6445970497706036 0.6684625609657672 0.36932009050422687 0.28323527350690225 0.35090118991408215 0.3437652062936639 0.33034470858601833 
./ImgDB/Outdoor_016.jpg 0.688034693403015 0.6816344316460776 0.6742080400510246 0.6063554991769775 0.6752402316998019 0.31416717858811205 0.33190528950403814 0.3328715966027829 0.37130888944314666 0.32434434913516696 0.6879009968011995 0.6811164836017646 0.6730933404237969 0.6046235051640373 0.6751206793228636 0.31460597614678226 0.3325324857834567 0.3336292906463164 0.3721997549230785 0.3251072879365612 
./ImgDB/Outdoor_017.jpg 0.6323879288803321 0.8035891091938467 0.4513063938348165 0.7601120978638032 0.5482740322733863 0.4175630519072615 0.32357953417648816 0.3851192215278523 0.33331816248483453 0.35347401230975545 0.6273638684448946 0.80236417841391 0.44512998229654377 0.7514215739039602 0.5408744747013351 0.42296584372326107 0.3257504318960792 0.3832406358049803 0.33421483288217313 0.35795063348048667 
./ImgDB/Outdoor_018.jpg 0.7426286679386808 0.7536380192014349 0.41251676162299344 0.5618860235003018 0.6807254770254705 0.2988063864739732 0.27385784448939954 0.4248612641678696 0.48173396823443354 0.3774703977168653 0.7376559103980782 0.7476380664123464 0.4120820669171081 0.5605232306148968 0.6799302022283048 0.29744173857913114 0.27114363291290516 0.42512987629347976 0.48145247786285955 0.3788779874094683 
./ImgDB/Outdoor_019.jpg 0.751093267419124 0.7611077722098776 0.5641398389224093 0.4749952192249365 0.6532521479752804 0.2917625325457188 0.26966869510274644 0.40729824159445327 0.4162469990736306 0.413117168714635 0.7505565517115715 0.7606899776248178 0.559689945146414 0.4717524870319814 0.6518147730494521 0.29254313821002365 0.27031300400419683 0.4075888264713678 0.4172416889655115 0.4151277250018514 
./ImgDB/Outdoor_020.jpg 0.7334381313675045 0.7574834417516612 0.5273741989849259 0.5863990400644267 0.6658767383555171 0.3391137132343521 0.30165697104537903 0.3448078739629002 0.3947933187095211 0.3507575220842558 0.7320677306852782 0.7562183253520196 0.525874643899367 0.5855618808296233 0.6646789697965574 0.3394725281847744 0.30217086313458547 0.34500439045647435 0.394853840416735 0.3523958776841412 
./ImgDB/Outdoor_021.jpg 0.7219152872081398 0.7858959913430983 0.5515311500981671 0.5471275951349852 0.6626913241852873 0.38542995021913073 0.318777500851644 0.33817883940453985 0.3447208242541743 0.35341148681692947 0.7176385411016195 0.7817653102529549 0.5486901620465153 0.5445035911269545 0.6602152638433616 0.38457134214310673 0.31818821947764087 0.3366793305646242 0.3435052255739047 0.3545630643532215 
./ImgDB/Outdoor_022.jpg 0.7711448565769605 0.8385513256370039 0.3482509998303205 0.5404183276216008 0.40782395449794206 0.5147322071459446 0.4856019841695539 0.2835851482965514 0.3925000230928516 0.4323130551308501 0.7583089942597175 0.8273950405577124 0.34115954550726085 0.5341180091763673 0.3963038315283136 0.5158451038730169 0.48663048729239294 0.2865445840236126 0.39919649148777847 0.4395760302942473 
./ImgDB/Outdoor_023.jpg 0.6898225996304254 0.690062849254568 0.6278298400929798 0.6535661458444249 0.6644435346244444 0.2957664336845647 0.30697012802772794 0.3717040868496992 0.35977033939041797 0.34278675457682756 0.6881819384290344 0.6880628581805464 0.6267852765097512 0.6529421931973763 0.663353358431415 0.29512921161083694 0.3064728312327852 0.37282790582032843 0.36026982842386024 0.3432518861879854 
./ImgDB/Outdoor_024.jpg 0.6582938199597661 0.7724896614746342 0.6103183465073313 0.6609094863302065 0.6037569158995452 0.3719759572248732 0.3454140860521044 0.32519806189019407 0.3754284933543869 0.2859013896826569 0.6555312645205458 0.7673583752254816 0.607571983563882 0.6572511388927964 0.6019439346766112 0.3708743548003989 0.3428493010318854 0.3260394968192719 0.3736347450322634 0.28725918706116405 
./ImgDB/Outdoor_025.jpg 0.7098063446672376 0.7071922876210276 0.6359019826843275 0.623989344066277 0.6497972806980917 0.3311593786877488 0.3339603989979828 0.3240377622533413 0.34798945028840433 0.3346730711112269 0.7089080311164514 0.7060376741432585 0.6341346758899841 0.6222983711752361 0.647716549929923 0.3329126968378866 0.336005324051472 0.32631280223019693 0.3495729895816118 0.33759358396831307 
./ImgDB/Outdoor_026.jpg 0.7431324207753032 0.5704283328027608 0.3639517012902824 0.6190208060544773 0.47971187777913893 0.6357199178687618 0.6547697951147441 0.14023036932199012 0.42263736387807194 0.4032113664062048 0.7193347280680015 0.5444894833456423 0.3465165677560602 0.6113552795085966 0.46012367011059263 0.6398402068543854 0.6580512946519996 0.1441024104884986 0.429918159557239 0.4134542483672511 
./ImgDB/Outdoor_027.jpg 0.7471775008986075 0.7673059446086334 0.4330595892042079 0.498304773840233 0.7004261806841158 0.3335588279019601 0.27881364962707866 0.4256062750203105 0.45883924028215056 0.36175339818633045 0.7430188923129935 0.7632513917208752 0.4297148771422578 0.49650913442810257 0.6996801465720969 0.3342035766513335 0.27790987854687016 0.42771283666565746 0.4591479141814953 0.36400597152468983 
./ImgDB/Outdoor_028.jpg 0.8314116436886706 0.7818335679121229 0.5011968069601042 0.5023868940733767 0.4054889186788666 0.48105281364495683 0.5110709903911257 0.29553006484613537 0.3116888396250398 0.39385436591276457 0.8166926979795066 0.7686254592035151 0.4979044749936509 0.49813069657662196 0.395674941649049 0.48147593007603223 0.5118607061686608 0.2979855816392791 0.31680104116569263 0.3993335648148273 
./ImgDB/Outdoor_029.jpg 0.6526393487725379 0.6716207122662856 0.6831409431273281 0.6706590883564453 0.6547099643757047 0.3466155184512856 0.3302508169730536 0.3171891299790389 0.3373083496689986 0.33547190447497754 0.6521174703286197 0.6711585668972737 0.6827365659294427 0.6704759593241667 0.6540238199757941 0.3474237108107893 0.33054726022689473 0.31787256535316044 0.3375911887675462 0.33644711594065563 
./ImgDB/Outdoor_030.jpg 0.7356446430650888 0.750744589782701 0.552778417866258 0.576694555129313 0.664812052412913 0.34562947944584366 0.30878289926761165 0.32087369014372824 0.38395094470396385 0.36274965874772913 0.7336797762786266 0.7484244576296143 0.5524114661388895 0.5757837980819799 0.6645611852022703 0.34565219789489443 0.30840700879360294 0.3213600764441956 0.38386880552299363 0.3631902974477832 
./ImgDB/Outdoor_031.jpg 0.8013567651929437 0.8001944097118185 0.39816154910292406 0.5447075694593378 0.5703891505141194 0.42558641348158577 0.34511920916159955 0.3488763399255741 0.34696418928098305 0.4227945945843866 0.7987059313952959 0.79901468206997 0.3929917520003918 0.539476969794274 0.5651151204472472 0.43050475067801897 0.34790658376861755 0.3493054225585942 0.3464417938351993 0.42638680303711896 
./ImgDB/Outdoor_032.jpg 0.7473374881506106 0.7720292948075846 0.5463625396632202 0.4612431350725974 0.6645200341374482 0.32753772741500153 0.25854430782759796 0.38866837942131605 0.4453217054925607 0.39306322821183476 0.7425600654842303 0.7681600695257434 0.5447287991167308 0.4594561679282695 0.6626594979312442 0.3285294695585007 0.2578775174897212 0.3896414883873226 0.44562864328087615 0.39613044109758977 
./ImgDB/Outdoor_033.jpg 0.6672632281122686 0.7174585800146429 0.4587296157235175 0.7184819545862857 0.6956550689647552 0.3616596134412068 0.3244972577677324 0.3851947000060902 0.3185229377950122 0.3511383742572801 0.6654240651529648 0.7157706765003748 0.4534690780367546 0.716189013291875 0.6945696716918006 0.36491276975093434 0.3280546948518208 0.388076446454374 0.32163656112617944 0.3532956924741305 
./ImgDB/Outdoor_034.jpg 0.7483574927371087 0.7487879034444349 0.5231577555278218 0.5867755233100943 0.6592675850530145 0.31223477253906173 0.3005126379366966 0.3752794325998838 0.3594248017107491 0.39054030010030616 0.746026207837684 0.747148851789434 0.5212079226499247 0.5857878350400678 0.6567557916076885 0.31205203957048333 0.30012625593318454 0.3757554568937719 0.36051015057329244 0.39029128314529793 
./ImgDB/Outdoor_035.jpg 0.8436382657834789 0.7394618636772128 0.38931125120598276 0.32785901919681293 0.44285091968964807 0.5243911687133407 0.5982023687683411 0.36355395943162505 0.3297231671998153 0.4596818799335446 0.8366196697716731 0.7281236271333305 0.38018596139080163 0.3170566384553457 0.43279493295448257 0.5236423939836609 0.5995442108006889 0.366776014167527 0.3315810047520603 0.46500168299062683 
./ImgDB/Outdoor_036.jpg 0.7447083147019931 0.6736811866878665 0.6581522918198613 0.6409577582108403 0.6012220886769675 0.2994034946202101 0.34631570440266835 0.3834844935109438 0.33588413098462755 0.32149173369163 0.7426363428998923 0.6714387292984741 0.6527114594509906 0.6379783455511424 0.5972693285907832 0.2989054172569277 0.34913687343728594 0.38132002210100246 0.33865449279261484 0.3246477913132775 
./ImgDB/Outdoor_037.jpg 0.7242224025804723 0.7460564347054682 0.614114678428001 0.5607640201650559 0.6529741615885178 0.35498575608673577 0.32984483537213516 0.31990987665300247 0.36450526553310797 0.33603358914321535 0.7240344507351485 0.7455703069186145 0.6111359929914796 0.558393104247058 0.6519768750447554 0.3553293828567702 0.3302582708342423 0.31921337109242565 0.3642230671086245 0.33645415791516803 
./ImgDB/Outdoor_038.jpg 0.6266120206904433 0.6515139927899253 0.6975327952944199 0.6838833160605432 0.661326387682386 0.38294732769083434 0.36852248889933287 0.29043724745970456 0.29469815182979753 0.3444361438300481 0.6245667193996638 0.650281188866522 0.6970038380640459 0.6836207435975377 0.6593878309137721 0.38359795396950297 0.3681902983172962 0.29158730552553386 0.2953063386578971 0.344547910460794 
./ImgDB/Outdoor_039.jpg 0.6761651744721306 0.8893154265162745 0.5520127976564657 0.509831789212361 0.4949167482450553 0.4887328843498697 0.3957676576111086 0.34527886220844817 0.30148347696671735 0.35275223991552607 0.6719974469250449 0.8881807017133783 0.5455725905308164 0.5005479526407359 0.48730621413644587 0.4910245600392579 0.3979636042840897 0.34784567190418414 0.3063958993024791 0.35690830136960994 
./ImgDB/Outdoor_040.jpg 0.7735555510465144 0.7911002300437224 0.4872883101253992 0.44690686358550136 0.6359749715528155 0.3235401248053783 0.27787540709387815 0.400386798816873 0.4285160185902695 0.4428848323783832 0.7706746717279034 0.7871525223357672 0.4802525547643045 0.4394802329265681 0.633122865614 0.322486531522055 0.27630700147491905 0.4042747092721941 0.4314346780748123 0.44678512424874134 
./ImgDB/Outdoor_041.jpg 0.6869586484747751 0.7362536259813413 0.5977489887207722 0.6471558974731249 0.6418156348935434 0.32369788964731105 0.2731868141974084 0.36880850907179796 0.36959515371958584 0.35298920764954544 0.6861248749092232 0.7359319949730407 0.5964026157357413 0.6442392890114901 0.6401165642687283 0.3253793879255692 0.2746620127752296 0.3704972116707819 0.37310023266259607 0.35533544623839486 
./ImgDB/Outdoor_042.jpg 0.7856991070627288 0.766777672762919 0.5495316513784534 0.5088849982720502 0.6205070717175066 0.35069809322762213 0.3453248457554612 0.3235259801220979 0.35561926351364953 0.3941965348402207 0.7846189100258414 0.7662545326185082 0.5489360527268108 0.5067538959352412 0.6181257048911808 0.35280004406716725 0.3471344232966474 0.32390536700430117 0.35418689116494373 0.3965189596166481 
./ImgDB/Outdoor_043.jpg 0.7127495584064885 0.7185886708321926 0.59831721913328 0.6013895804210025 0.6748239670428033 0.3060342089489018 0.29511058300709303 0.35250074525268404 0.4034147598309069 0.3437701715767155 0.7115226833192574 0.715418011721216 0.5972422252691971 0.598804643301972 0.6736739564188686 0.3060165203806858 0.2933290666874172 0.3515104564405459 0.401832442309736 0.3439505296990353 
./ImgDB/Outdoor_044.jpg 0.7191392080999834 0.69315013600181 0.6178769301493438 0.5781031196187402 0.6996391228099808 0.30115412098008437 0.33180061567189245 0.37910728372544644 0.3600615156611205 0.3208554223040495 0.7187255831348469 0.6926210098609503 0.6164172568002999 0.5755233027919292 0.6985381568859185 0.3020288467460873 0.3331591372229481 0.37951223648826765 0.3602048083473492 0.3223821866989525 
./ImgDB/Outdoor_045.jpg 0.7254810549316925 0.7214592481006625 0.5988805067579449 0.6098526108458764 0.647931473313206 0.37601003731227367 0.37485999900170514 0.325523903423116 0.2800817415878554 0.3392853436411136 0.7240717251546323 0.7199385897581455 0.5987202535314354 0.6096848691508384 0.6471946080100034 0.37853652965248685 0.37630028402039645 0.32549873892103354 0.280309525423655 0.3403789574619258 
./ImgDB/Outdoor_046.jpg 0.7417707628805432 0.6466652471444206 0.6737797374340293 0.5818780340839474 0.6595524868940658 0.31528341780950714 0.3975810852702262 0.28375078616335037 0.33697122065182294 0.36042875105048167 0.7414306712201623 0.6444946183280917 0.6735920664156001 0.5809218055614751 0.6584537674131565 0.31671366599887824 0.4013644458887338 0.2844656574078143 0.3375303625271019 0.36337140985659144 
./ImgDB/Outdoor_047.jpg 0.7888278216436337 0.8161936217571539 0.39223607084468315 0.4484852473841261 0.5825340078739685 0.3772037003976254 0.31091113829591954 0.3535943373830027 0.4469580226696034 0.4888864493997441 0.7851812450280653 0.8130001213024054 0.38962699287212343 0.4459567162846011 0.5806919558059888 0.37777058860779694 0.31091668711833526 0.3538825897493939 0.4468688253616349 0.4902738602201948 
./ImgDB/Outdoor_048.jpg 0.6905092003763261 0.687067169025029 0.6280131815302101 0.6007894886880754 0.6846817464338738 0.2794536080912657 0.2960637384817919 0.40798333094546546 0.43526922769634113 0.29175373833398943 0.6904313263638533 0.6868324850692586 0.6273179789824984 0.5992928917574619 0.6842463599095941 0.2794426452757301 0.2964444606244775 0.40784041905939195 0.4347584848019187 0.29180851855344714 
./ImgDB/Outdoor_049.jpg 0.7533134959183554 0.8102492147557561 0.40214956344202174 0.4620390308910283 0.6485257017085151 0.40440847859513085 0.2838394152715482 0.33471869611639693 0.45936091182150207 0.44969668942612934 0.7469462806501497 0.8051355134029059 0.39901337175287377 0.4600600770868707 0.6460981016028553 0.4043750844581781 0.28244568944058446 0.33532267691190043 0.4599079599120058 0.45239404683529133 
./ImgDB/Outdoor_050.jpg 0.7403255884298162 0.743642347041048 0.5594738538108623 0.5604968931866645 0.6698779603016574 0.31081742468033213 0.296136739839741 0.364725661576605 0.3898692370149218 0.36674882794314245 0.740034029588949 0.742241757419414 0.5582422945045664 0.5589390832280566 0.6688025141468639 0.3111629191331052 0.2957711710840961 0.3652763931293537 0.3898276359121674 0.36758766802863796 
./ImgDB/Outdoor_051.jpg 0.7333089170443482 0.7897654468272516 0.5923697854987852 0.569034819818339 0.5766639246890196 0.4025527715359468 0.37716497154366263 0.2934196404535695 0.3285905277485529 0.3384125319399549 0.7312033417870337 0.7882690462197245 0.5898644393775476 0.5672390237153199 0.5742116506016651 0.4051126498687566 0.37869986509048575 0.294664468830544 0.32913430053785897 0.34031787687163256 
./ImgDB/Outdoor_052.jpg 0.798812625257715 0.7782426824725657 0.5050946023579398 0.5124618586584816 0.6063914217771489 0.30694220137353445 0.345181308991004 0.39419196739472273 0.36470773648489546 0.3930147182846113 0.796285960039764 0.7735778325948842 0.5025756450875725 0.5115009345263749 0.6044079099322657 0.3078085531586509 0.3454239751670254 0.39402955709740184 0.3642771283504036 0.39507138099303896 
./ImgDB/Outdoor_053.jpg 0.7099914825992101 0.7145021439591138 0.6907755744121067 0.6169953212640744 0.5812535861243582 0.33379139655589707 0.31367864637622495 0.3070907279355436 0.34861916189035563 0.3855926985824616 0.7061798709486636 0.711843898005505 0.6884622106680478 0.6132606448756583 0.5765983395304508 0.3337902685122743 0.3141209786605205 0.3114776172024633 0.35373233220785905 0.3882430996892089 
./ImgDB/Outdoor_054.jpg 0.6501232917547046 0.6772559277826689 0.6776825615808086 0.6530447781216677 0.6690129807424905 0.3678685603721654 0.30556499472736054 0.3044637753976832 0.36160774658370753 0.3327152756160363 0.6498265583965954 0.6771591392195088 0.6776717365441394 0.6528690304675087 0.6689458018384551 0.36924386756308314 0.3053643075922028 0.3045592449272686 0.36181401607794983 0.33320640469399454 
./ImgDB/Outdoor_055.jpg 0.7648084285571648 0.7298024185075024 0.5865535602549206 0.5541255425744633 0.6342398038225301 0.3358285825003542 0.4110635359117297 0.30328451939736 0.30365259664501887 0.3764796848603124 0.7644311135744071 0.7291693133676025 0.5859145748815232 0.553266048444909 0.6337424340725315 0.3363600025426739 0.4114949204354608 0.3042834923205709 0.30450393928186714 0.3769954880470985 
./ImgDB/Outdoor_056.jpg 0.7204259952226092 0.721961784646642 0.5709671112285162 0.4966377089538232 0.6692625858639478 0.23238478759441666 0.24243945124564004 0.4785511363494815 0.46566236274367767 0.4093764362453184 0.7164602584804334 0.7188365645774255 0.5659454676792206 0.4926789868328748 0.6668743136483912 0.22959106720156808 0.24122883128812406 0.48107503747210273 0.4673655622323368 0.4122745504934497 
./ImgDB/Outdoor_057.jpg 0.7463407621385305 0.7180692769243187 0.5922369923897421 0.5790722537509674 0.6664340457829432 0.31185769472099956 0.3500012949283315 0.3290555977303061 0.3477668696175329 0.3625518767420955 0.7432217033174799 0.714068480128132 0.5919706646735744 0.578340482644399 0.6657867098040557 0.3117672959349626 0.34931516631728865 0.3300186988445455 0.3476772344979874 0.364446899111807 
./ImgDB/Outdoor_058.jpg 0.7438824105439736 0.7205673426863296 0.5749429299004819 0.5671216537574721 0.6772826389168023 0.2752513764368195 0.3295904340513813 0.3844837930099056 0.36734252942629164 0.36098165543592975 0.7418010232273861 0.7191066315390535 0.5734448184965582 0.5662454792056681 0.6759643849268699 0.274386899763309 0.33029943570581566 0.38639517345867147 0.3689624671397027 0.36194692237157855 
./ImgDB/Outdoor_059.jpg 0.6930080416313539 0.6943789553921393 0.5921303204801832 0.6330559153077434 0.6868728403988281 0.29640903256706685 0.29641967081062737 0.4203099636706158 0.3928522796965809 0.2988311675240906 0.6917688198744864 0.6928579127468875 0.5916832261268818 0.6328155774005932 0.686857037358358 0.2940184402760172 0.2937043309148437 0.42030785542689936 0.39290197282660233 0.2988166395692011 
./ImgDB/Outdoor_060.jpg 0.7164684120166813 0.8139295343947728 0.3362099897074431 0.33702247215921977 0.30391643880897296 0.5992550932263847 0.6035333111967606 0.407317622191723 0.4098566626601047 0.4925622869513523 0.7046164993553667 0.8027395147652933 0.32262629871680293 0.3218514636200116 0.2840719051322826 0.6063555292643923 0.6105301373306903 0.41500177521536896 0.4172724927062662 0.49486256058011135 
./ImgDB/Outdoor_061.jpg 0.7044268558588539 0.6802815409092963 0.6659807017626922 0.5980852364972773 0.6695311979105696 0.2817386482832972 0.3359882190220699 0.3396466179948466 0.3919441032442403 0.3352567004020337 0.7015661847699799 0.6784924531976443 0.6649346408342398 0.5974342343180927 0.6684678823688646 0.2809010601106478 0.3363623630613206 0.3408917714904788 0.39274217162589037 0.33532741633766316 
./ImgDB/Outdoor_062.jpg 0.758170238326999 0.6670247300372285 0.687300854827284 0.6322200837434709 0.5566665188761882 0.37503606649487264 0.35272862364600044 0.33584376488294737 0.3554050315249868 0.28089401085863996 0.7572541579993701 0.6634404856784291 0.6841535103170461 0.6245487117690969 0.5507523555302657 0.3772666736521174 0.3569147179783442 0.3389836684429134 0.36035374791060515 0.28504204750319545 
./ImgDB/Outdoor_063.jpg 0.8129978535960817 0.7105317763535002 0.6693350062627206 0.4825513153176836 0.5258665296217764 0.3198303193314501 0.39289839130495025 0.39888328988096994 0.28236399185034067 0.4039889657648822 0.8112452451304492 0.7067791785409767 0.6665339740622322 0.4754584211614004 0.5195046525140786 0.32406150611883094 0.3988247581981482 0.40247478328368386 0.2863744790696634 0.4094955626361798 
./ImgDB/Outdoor_064.jpg 0.7109878742033742 0.7123004469632709 0.6005854671337444 0.5002518112748984 0.7072818519356148 0.2932387131136027 0.2768981510169908 0.4252543375757112 0.4632976661117567 0.3102158949727959 0.7109622539712857 0.7123004469632709 0.5998751554817834 0.49778075845534736 0.7071203330811437 0.29364093312889283 0.2768981510169908 0.42556444810370314 0.46479154005551176 0.31075376544031097 
./ImgDB/Outdoor_065.jpg 0.7224769394355202 0.7618987679741684 0.5530216776758712 0.5972241105637158 0.6485312876050694 0.3740354862999651 0.37269768860083613 0.3011561990006041 0.31013264863797435 0.3580075709010211 0.7219237623245622 0.7606784950846182 0.5491688388949633 0.5961127817274926 0.6472473396523871 0.3757689363141147 0.37471130316002066 0.3047375548712335 0.3104752915304577 0.3599933197454048 
./ImgDB/Outdoor_066.jpg 0.6884055095517568 0.7992710355316536 0.5598616707563742 0.6398277705941924 0.5960019548527143 0.37817018928997637 0.3387206895870938 0.29915705358015765 0.37595350101972475 0.3346275366375045 0.6838443901359339 0.7920267376746251 0.5580990070777493 0.6372167114465388 0.5935339985552582 0.3775856038809465 0.33714010334524014 0.29929169322455573 0.37447145296776346 0.33679339029024136 
./ImgDB/Outdoor_067.jpg 0.6793541848209658 0.7801505231202436 0.5312617618461011 0.5859836801677758 0.6856833907373621 0.35371256147631547 0.2678585117665347 0.3403546575159999 0.41504372392833294 0.36152492902147726 0.6782220407539773 0.779793900171768 0.5240762716332288 0.5835948415906749 0.6831627038396105 0.3554339231393431 0.2689530891998767 0.3440180794273131 0.4164718634884243 0.36534536235467596 
./ImgDB/Outdoor_068.jpg 0.653577969694151 0.7098901181908157 0.62707214348395 0.6755118226374806 0.6500795677865144 0.36685361512801373 0.26825876821525296 0.37007479565292256 0.3131121419561855 0.36577374727166334 0.6533541153486829 0.7094424094998794 0.6266205618804623 0.6748139237957268 0.6496616805222235 0.36713614681699475 0.267883340758433 0.37096250356422544 0.31348680028232684 0.36643382751409426 
./ImgDB/Outdoor_069.jpg 0.7278922368068537 0.7264092391498187 0.6083243093599301 0.6078534245011952 0.6269470193355194 0.28382609457439556 0.29783390538921706 0.36661434156000716 0.3798415992348264 0.3737671783730967 0.7278885127613979 0.7263922740538538 0.6076469468698167 0.6071744068797682 0.6263420688403786 0.2838461093462426 0.2980163242495379 0.367753930574596 0.38099740620535544 0.37463267193419414 
./ImgDB/Outdoor_070.jpg 0.6757609880840216 0.6830073605030967 0.6454806427896824 0.6362825583832232 0.6764691777262501 0.3090075255214406 0.29026080575867946 0.38993712519585316 0.38925947063506783 0.3039647211122778 0.6756579723323168 0.6829717414974225 0.6447396277892835 0.6354311943064218 0.6763500985013982 0.30984960807964385 0.2907551864810848 0.38944741288863455 0.3908643040461637 0.30450247836803873 
./ImgDB/Outdoor_071.jpg 0.681889008779713 0.6872789617486597 0.6746238925046619 0.5651235638193997 0.702972419588283 0.3428653534345193 0.3252487657655436 0.34448291529641123 0.37866155790658307 0.29799030723780034 0.6813307976250752 0.6871103949173683 0.6731117376794877 0.5623610464487994 0.7021440448891375 0.3441416586178611 0.32567403535368133 0.344845959881326 0.3800626136367044 0.29808096486898517 
./ImgDB/Outdoor_072.jpg 0.6980195951332739 0.6938592119568336 0.5967132140981473 0.5947968266169403 0.6951472530843248 0.2776248734495915 0.29567082423196156 0.43875796149833596 0.42159766290656797 0.29022332956007296 0.6979489750661074 0.6938257966079792 0.5947878699254947 0.5931622304281343 0.6935126568955188 0.2772322333261483 0.2959880306581507 0.43990594888997364 0.42201627675910963 0.2892092289073344 
./ImgDB/Outdoor_073.jpg 0.6821577500454896 0.8131417876809759 0.46697313989537076 0.5706853819079639 0.6634639035051926 0.3835979774417533 0.24356305055276983 0.3631220520047327 0.4218795544160824 0.3946980720899729 0.6815500293248624 0.8118874773258697 0.46229258730979655 0.5657642622609833 0.662061471072976 0.3843494229851287 0.24331859670448996 0.3651422630561052 0.42507031089804537 0.3952809095214384 
./ImgDB/Outdoor_074.jpg 0.7498017688845793 0.7778627443633521 0.6071568708134851 0.6066429335336542 0.4495820947633004 0.4257343855148518 0.4015839967361298 0.3678228691509478 0.4096330721023237 0.21809912990734692 0.7435164765576461 0.7709382425446291 0.5947693763155585 0.5961015981081205 0.43261574031287947 0.432366478595649 0.40957452432149194 0.3750076908032064 0.41149533084835854 0.2196946758224924 
./ImgDB/Outdoor_075.jpg 0.7076841389583435 0.7072131659413553 0.6569038681796546 0.634756661403046 0.6153070723201394 0.3023478284046331 0.3182278702265546 0.33032361642874897 0.35007399586357046 0.3740964352378859 0.7068025612877735 0.7059364498921259 0.655350255918107 0.6328917279946757 0.6125086743833954 0.3050673349152201 0.32122640778571243 0.3325841139955167 0.3529656590321967 0.3777321618313458 
./ImgDB/Outdoor_076.jpg 0.727498302349259 0.7941081483647504 0.5095928393888496 0.5684137993988714 0.6235260504613418 0.3566541196611134 0.24376897029630612 0.3890941808302365 0.37072328029533186 0.4208366063136506 0.7265720209357884 0.7937044306113614 0.5021103249920909 0.5638797384761965 0.6214770036982099 0.35769245130221794 0.24531647179668026 0.3903809577939237 0.3735250254112251 0.42112527762259416 
./ImgDB/Outdoor_077.jpg 0.7053903761313193 0.7191504115801945 0.6692258909004026 0.5169647246603783 0.6825872691981258 0.33549377911206957 0.3163839157395997 0.3599004556082621 0.343815176746601 0.3514582673019229 0.7051777042422392 0.7190210840800783 0.6680442891691818 0.5123159142355652 0.6814442604351938 0.3363547369786767 0.3169251302737848 0.36081355312588814 0.3461064531630441 0.35342660731747266 
./ImgDB/Outdoor_078.jpg 0.6492247117395662 0.6893764626131254 0.6763080632017373 0.6609309381151198 0.6569323546603563 0.3190768000096683 0.3791922400043466 0.3451919040468791 0.39388914854379264 0.2438837812787203 0.6386425684721463 0.6793327178233282 0.6697386062767846 0.6555635449714848 0.6452302761929507 0.32366615399388265 0.3842346604683917 0.3468919892811515 0.39348628772801797 0.24920679057855016 
./ImgDB/Outdoor_079.jpg 0.7384198349415654 0.7515142336908108 0.6214657929860772 0.5086666998126457 0.653860317140946 0.3514679140003373 0.3287172174302418 0.3683369282800638 0.3152703371248885 0.3627586631923643 0.737561663277234 0.7503162881774796 0.6196314995926903 0.5046481459614018 0.6516013064363091 0.35371968554143607 0.33010111838370776 0.3699364644101507 0.3174991682059547 0.3645067214136959 
./ImgDB/Outdoor_080.jpg 0.7085360821260056 0.7078826115292227 0.6037830793893613 0.5840042090090005 0.6925591888325364 0.30292135002834863 0.2863296680729848 0.3899855826396962 0.40106981600643116 0.3260725704171156 0.7069629395958467 0.706782263306198 0.6032899219758119 0.583101938275652 0.6920889861934916 0.30249190511039226 0.2852875345738622 0.38980723080638213 0.40052660094425296 0.326516521167408 
./ImgDB/Outdoor_081.jpg 0.7122784097066035 0.6997908923012369 0.5663854005205013 0.6271185927462737 0.6968171140112691 0.30228743903414923 0.31888849447516376 0.379419395590303 0.37692049504589104 0.31926782827329436 0.7121964895292494 0.6996475319908674 0.565357226442692 0.626700648137736 0.6967067493278895 0.30309596874280553 0.3198806546971683 0.3801516244112605 0.37744012983587355 0.3196489151797718 
./ImgDB/Outdoor_082.jpg 0.7243246702977433 0.734845409314553 0.565107932097118 0.6168830988118359 0.6453125358619822 0.29807739577388914 0.2763769920561044 0.382054979022836 0.3859439817238641 0.3702733979938714 0.7240932259300932 0.7347214060937203 0.5639536829388194 0.6158464828459025 0.6444491846703629 0.29950188293002017 0.2774843022062671 0.382831232309111 0.3862187873214212 0.3716994198004838 
./ImgDB/Outdoor_083.jpg 0.7942635058332544 0.7574401984389876 0.5735047399107456 0.5454145871433532 0.5867527837187334 0.34297155604113805 0.3602014762093256 0.33457860983466503 0.36339694342421314 0.3448334296513607 0.7927125545968599 0.7554661559831761 0.5669330295569786 0.5411537826347701 0.5799396354408426 0.3461866349169759 0.3630021250603206 0.33827498042677373 0.36400421339634426 0.3489690577811816 
./ImgDB/Outdoor_084.jpg 0.6838333887822865 0.6934390725111927 0.6355139623870311 0.6073146523255084 0.6885769191743036 0.3150603057972744 0.29269247439394913 0.36991681369938356 0.4133467497565763 0.3001045061560602 0.6837834422791824 0.6934213831246767 0.6349080141861789 0.6066719379487603 0.6885294006262116 0.3155321642568177 0.29288891317776294 0.37047783803280976 0.41365675358623294 0.3003313077978014 
./ImgDB/Outdoor_085.jpg 0.7624576151567206 0.7974483112436468 0.481697331428361 0.4571454262476921 0.6657004331286558 0.3501751996364668 0.31105058973917055 0.39140924821396117 0.378626140579761 0.4057181786456733 0.7612158552203474 0.7964522341476404 0.4735673525972557 0.4489578181083526 0.6629075348643363 0.35349108099557636 0.31291890233615594 0.39665668938405363 0.38290987390085507 0.40949418442531704 
./ImgDB/Outdoor_086.jpg 0.7439900818923069 0.7564050857470916 0.48609474265644737 0.6249334046802434 0.6471719084934953 0.32901821134194953 0.31147978662503756 0.357491596107931 0.36569086904969117 0.37946714247340907 0.7424789723638974 0.75550037782623 0.4815536859283869 0.6224464883169182 0.6442058472745885 0.3304925124960847 0.31324373495585395 0.3594804911297107 0.3684861261353363 0.38036893450539006 
./ImgDB/Outdoor_087.jpg 0.7596485429146342 0.7601660450269823 0.6271756732224598 0.5597499276495339 0.5661635313657386 0.34574514446612514 0.33282980060920353 0.3423759413631229 0.34913886800719884 0.35704387035737717 0.7590041731236603 0.7595499991828644 0.6265897215718764 0.5581962411480372 0.5651603915812554 0.34696970882143374 0.33376028471788954 0.3430555943040421 0.3499510019158981 0.35772553865066703 
./ImgDB/Outdoor_088.jpg 0.6765224511277488 0.6766098627005677 0.6669665692559996 0.6394267461290737 0.6672671797869133 0.3098857714974905 0.3110881936427039 0.3277673140597573 0.38266152619962884 0.34134786262425254 0.6765215374179284 0.6766098627005677 0.666699765988441 0.6391998415236728 0.6671974332706223 0.3098848321605375 0.3110881936427039 0.32805158560460873 0.38320282577436743 0.3420006448924143 
./ImgDB/Outdoor_089.jpg 0.6873217423546568 0.6874527357941816 0.6077035061130334 0.6438435721399857 0.6906269433988389 0.31678299051989545 0.3094397337100816 0.3928773426261708 0.3628575183840653 0.3013979489009154 0.6872285286941864 0.6873867094513484 0.6068949482248615 0.642356390557025 0.6905877512915956 0.31753913006321605 0.31012942740621713 0.393180162718629 0.36250284690276074 0.30189007074833507 
./ImgDB/Outdoor_090.jpg 0.6884182660774549 0.674039234957694 0.5911368459853469 0.681270261487858 0.6772014484272815 0.3210398421254207 0.33073800758793936 0.41413317174230574 0.29802778716060185 0.3227859503873942 0.6881607135684967 0.6738171051433777 0.5905291253803981 0.681204212921807 0.6770114204299842 0.32136115528925535 0.331960770306706 0.4145177745958879 0.2987154491084316 0.3239314573163574 
./ImgDB/Outdoor_091.jpg 0.7352395202754449 0.7173668022440092 0.5305481565111891 0.5393189374333386 0.7097396841930839 0.2632007169171591 0.31566510317728363 0.42156062338020395 0.4421619331452095 0.3247237522376253 0.7351941785970105 0.717003259143705 0.5253832535338163 0.5353021505277504 0.7093862620031446 0.2635271848798151 0.3169647685007404 0.426057157740507 0.44552596163193564 0.3261305939270272 
./ImgDB/Outdoor_092.jpg 0.710145437611301 0.7408745182430614 0.5958017526985574 0.6596936903872943 0.5844399142673851 0.31490215724121234 0.2724678090089001 0.38145199562745813 0.35028055986060014 0.3882701148552032 0.7099652415093041 0.7407878073368374 0.5950674197114723 0.6591178757756502 0.5832679621754504 0.31565456580546597 0.27317918822779264 0.3826848466099735 0.3518018444659889 0.3901452985810923 
./ImgDB/Outdoor_093.jpg 0.6618602468918304 0.6609354744229278 0.6414820535643307 0.672528729283945 0.6919389514285968 0.3576435155986194 0.3307111405051856 0.35909489714816134 0.32491843936737275 0.29636886599558787 0.6605486859378807 0.6604338893554521 0.6407652749033128 0.6721479406202793 0.6917169580374891 0.36006387322825717 0.33268912389402105 0.3599833162388447 0.3264152937852795 0.29775332979262636 
./ImgDB/Outdoor_094.jpg 0.7152026839093498 0.6346817106475101 0.6660666379278958 0.6817903215052376 0.6188939331594652 0.26761762460775307 0.3682268452733053 0.32591255931998386 0.351114732191927 0.3727359537091738 0.7150381072870281 0.6329201618759263 0.6651536098322016 0.6793721202807721 0.6172183942809539 0.26849283761863985 0.36959328058400054 0.32643895411874724 0.3502496906608273 0.3732798412093019 
./ImgDB/Outdoor_095.jpg 0.5843198899432925 0.8405447586033333 0.5640313521152855 0.6081683850688271 0.618438185930935 0.46020660736129304 0.3683630840968937 0.25632519537848375 0.29425764789144454 0.40661661591980713 0.5796571827631855 0.8392662639934075 0.5579974498097294 0.6049438233864916 0.6132875135371705 0.46488911103942554 0.3716083323108934 0.2602323263001921 0.29652732713333263 0.4103189474165744 
./ImgDB/Outdoor_096.jpg 0.7660794778128571 0.7715663043329632 0.45756565664273996 0.47286159650511306 0.693268491506859 0.317149884984417 0.32476069870186103 0.40059372691073947 0.4102694756571695 0.3866165588224016 0.7657221320615727 0.7709810061301662 0.4540929607207822 0.4678807803785822 0.6912538102989243 0.31853910449390677 0.32653537308874736 0.40186444413559586 0.41258577634781757 0.38981274046678394 
./ImgDB/Outdoor_097.jpg 0.7916348470910943 0.7301926650424698 0.5456086752543109 0.5426956332376854 0.6379533995690995 0.32708433464163805 0.41387758618262416 0.35227096825856313 0.2961091931007971 0.3632429016504165 0.7913231231627846 0.7288010218998335 0.5423870110400058 0.5375917354861073 0.6361466414771553 0.32846583376975136 0.4162602066490965 0.35353536892044063 0.29969182065160255 0.36512703291452436 
./ImgDB/Outdoor_098.jpg 0.6709250694324705 0.6486019255866338 0.6601974736843791 0.6699435696510879 0.6806082397326796 0.31635578789978436 0.35332081348549016 0.3574392817346047 0.32516534425669896 0.3162232581845014 0.6708839392482221 0.6483280758983467 0.6600874416530135 0.6698395138003397 0.6805523448669061 0.3167191833939206 0.3545469745320107 0.35761098459138685 0.32592055638325657 0.3167302219842675 
./ImgDB/Outdoor_099.jpg 0.7077203229800106 0.6722041332500445 0.5981374591982791 0.6653167661606456 0.673973006382741 0.2825135239198916 0.34872933280371776 0.3816105276908047 0.3407602815556181 0.3268403497674601 0.7075820075570212 0.6718632845291059 0.5954477182047861 0.664625189045698 0.673593462275609 0.28353724760507093 0.3494505365576521 0.38575523535488043 0.3422674648023504 0.3280721503586119 
./ImgDB/Outdoor_100.jpg 0.7838375462499134 0.8172996670513397 0.41044610715205637 0.44287833707652047 0.6111699725320162 0.375456029721237 0.35935156456044115 0.32610179058209593 0.44986326343382577 0.42767263369089725 0.7834807077264458 0.8167204906786345 0.4040037993476048 0.4354105302538571 0.6093056284924834 0.37618218751477706 0.3610497078999122 0.3284146245012293 0.4522243674569008 0.42913104407781155 
