0.43038410595496823,0.43038410595496823,0.43038410595496823,0.43038410595496823,0.43038410595496823,0.43038410595496823,0.43038410595496823,0.43038410595496823,0.43038410595496823,0.43038410595496823,0.43038410595496823,0.43038410595496823,0.43038410595496823,0.43038410595496823,0.43038410595496823,0.43038410595496823,0.43038410595496823,0.43038410595496823,0.43038410595496823,0.43038410595496823,0.43038410595496823,0.43038410595496823,0.43038410595496823,0.43038410595496823,0.43038410595496823,0.43038410595496823,0.43038410595496823,0.43038410595496823,0.43038410595496823,0.43038410595496823,Indoor
0.4733660725784238,0.4733660725784238,0.4733660725784238,0.4733660725784238,0.4733660725784238,0.4733660725784238,0.4733660725784238,0.4733660725784238,0.4733660725784238,0.4733660725784238,0.4733660725784238,0.4733660725784238,0.4733660725784238,0.4733660725784238,0.4733660725784238,0.4733660725784238,0.4733660725784238,0.4733660725784238,0.4733660725784238,0.4733660725784238,0.4733660725784238,0.4733660725784238,0.4733660725784238,0.4733660725784238,0.4733660725784238,0.4733660725784238,0.4733660725784238,0.4733660725784238,0.4733660725784238,0.4733660725784238,Indoor
0.6389947842444532,0.6389947842444532,0.6389947842444532,0.6389947842444532,0.6389947842444532,0.6389947842444532,0.6389947842444532,0.6389947842444532,0.6389947842444532,0.6389947842444532,0.6389947842444532,0.6389947842444532,0.6389947842444532,0.6389947842444532,0.6389947842444532,0.6389947842444532,0.6389947842444532,0.6389947842444532,0.6389947842444532,0.6389947842444532,0.6389947842444532,0.6389947842444532,0.6389947842444532,0.6389947842444532,0.6389947842444532,0.6389947842444532,0.6389947842444532,0.6389947842444532,0.6389947842444532,0.6389947842444532,Outdoor
0.5215875008208715,0.5215875008208715,0.5215875008208715,0.5215875008208715,0.5215875008208715,0.5215875008208715,0.5215875008208715,0.5215875008208715,0.5215875008208715,0.5215875008208715,0.5215875008208715,0.5215875008208715,0.5215875008208715,0.5215875008208715,0.5215875008208715,0.5215875008208715,0.5215875008208715,0.5215875008208715,0.5215875008208715,0.5215875008208715,0.5215875008208715,0.5215875008208715,0.5215875008208715,0.5215875008208715,0.5215875008208715,0.5215875008208715,0.5215875008208715,0.5215875008208715,0.5215875008208715,0.5215875008208715,Indoor
0.5314415186951875,0.5314415186951875,0.5314415186951875,0.5314415186951875,0.5314415186951875,0.5314415186951875,0.5314415186951875,0.5314415186951875,0.5314415186951875,0.5314415186951875,0.5314415186951875,0.5314415186951875,0.5314415186951875,0.5314415186951875,0.5314415186951875,0.5314415186951875,0.5314415186951875,0.5314415186951875,0.5314415186951875,0.5314415186951875,0.5314415186951875,0.5314415186951875,0.5314415186951875,0.5314415186951875,0.5314415186951875,0.5314415186951875,0.5314415186951875,0.5314415186951875,0.5314415186951875,0.5314415186951875,Indoor
0.43164220167968254,0.43164220167968254,0.43164220167968254,0.43164220167968254,0.43164220167968254,0.43164220167968254,0.43164220167968254,0.43164220167968254,0.43164220167968254,0.43164220167968254,0.43164220167968254,0.43164220167968254,0.43164220167968254,0.43164220167968254,0.43164220167968254,0.43164220167968254,0.43164220167968254,0.43164220167968254,0.43164220167968254,0.43164220167968254,0.43164220167968254,0.43164220167968254,0.43164220167968254,0.43164220167968254,0.43164220167968254,0.43164220167968254,0.43164220167968254,0.43164220167968254,0.43164220167968254,0.43164220167968254,Indoor
0.4434499771692099,0.4434499771692099,0.4434499771692099,0.4434499771692099,0.4434499771692099,0.4434499771692099,0.4434499771692099,0.4434499771692099,0.4434499771692099,0.4434499771692099,0.4434499771692099,0.4434499771692099,0.4434499771692099,0.4434499771692099,0.4434499771692099,0.4434499771692099,0.4434499771692099,0.4434499771692099,0.4434499771692099,0.4434499771692099,0.4434499771692099,0.4434499771692099,0.4434499771692099,0.4434499771692099,0.4434499771692099,0.4434499771692099,0.4434499771692099,0.4434499771692099,0.4434499771692099,0.4434499771692099,Indoor
0.4793880526402793,0.4793880526402793,0.4793880526402793,0.4793880526402793,0.4793880526402793,0.4793880526402793,0.4793880526402793,0.4793880526402793,0.4793880526402793,0.4793880526402793,0.4793880526402793,0.4793880526402793,0.4793880526402793,0.4793880526402793,0.4793880526402793,0.4793880526402793,0.4793880526402793,0.4793880526402793,0.4793880526402793,0.4793880526402793,0.4793880526402793,0.4793880526402793,0.4793880526402793,0.4793880526402793,0.4793880526402793,0.4793880526402793,0.4793880526402793,0.4793880526402793,0.4793880526402793,0.4793880526402793,Indoor
0.5654320152916541,0.5654320152916541,0.5654320152916541,0.5654320152916541,0.5654320152916541,0.5654320152916541,0.5654320152916541,0.5654320152916541,0.5654320152916541,0.5654320152916541,0.5654320152916541,0.5654320152916541,0.5654320152916541,0.5654320152916541,0.5654320152916541,0.5654320152916541,0.5654320152916541,0.5654320152916541,0.5654320152916541,0.5654320152916541,0.5654320152916541,0.5654320152916541,0.5654320152916541,0.5654320152916541,0.5654320152916541,0.5654320152916541,0.5654320152916541,0.5654320152916541,0.5654320152916541,0.5654320152916541,Outdoor
0.5669460446366882,0.5669460446366882,0.5669460446366882,0.5669460446366882,0.5669460446366882,0.5669460446366882,0.5669460446366882,0.5669460446366882,0.5669460446366882,0.5669460446366882,0.5669460446366882,0.5669460446366882,0.5669460446366882,0.5669460446366882,0.5669460446366882,0.5669460446366882,0.5669460446366882,0.5669460446366882,0.5669460446366882,0.5669460446366882,0.5669460446366882,0.5669460446366882,0.5669460446366882,0.5669460446366882,0.5669460446366882,0.5669460446366882,0.5669460446366882,0.5669460446366882,0.5669460446366882,0.5669460446366882,Outdoor
0.5062370834540993,0.5062370834540993,0.5062370834540993,0.5062370834540993,0.5062370834540993,0.5062370834540993,0.5062370834540993,0.5062370834540993,0.5062370834540993,0.5062370834540993,0.5062370834540993,0.5062370834540993,0.5062370834540993,0.5062370834540993,0.5062370834540993,0.5062370834540993,0.5062370834540993,0.5062370834540993,0.5062370834540993,0.5062370834540993,0.5062370834540993,0.5062370834540993,0.5062370834540993,0.5062370834540993,0.5062370834540993,0.5062370834540993,0.5062370834540993,0.5062370834540993,0.5062370834540993,0.5062370834540993,Outdoor
0.5311015229258255,0.5311015229258255,0.5311015229258255,0.5311015229258255,0.5311015229258255,0.5311015229258255,0.5311015229258255,0.5311015229258255,0.5311015229258255,0.5311015229258255,0.5311015229258255,0.5311015229258255,0.5311015229258255,0.5311015229258255,0.5311015229258255,0.5311015229258255,0.5311015229258255,0.5311015229258255,0.5311015229258255,0.5311015229258255,0.5311015229258255,0.5311015229258255,0.5311015229258255,0.5311015229258255,0.5311015229258255,0.5311015229258255,0.5311015229258255,0.5311015229258255,0.5311015229258255,0.5311015229258255,Outdoor
0.5270973319931899,0.5270973319931899,0.5270973319931899,0.5270973319931899,0.5270973319931899,0.5270973319931899,0.5270973319931899,0.5270973319931899,0.5270973319931899,0.5270973319931899,0.5270973319931899,0.5270973319931899,0.5270973319931899,0.5270973319931899,0.5270973319931899,0.5270973319931899,0.5270973319931899,0.5270973319931899,0.5270973319931899,0.5270973319931899,0.5270973319931899,0.5270973319931899,0.5270973319931899,0.5270973319931899,0.5270973319931899,0.5270973319931899,0.5270973319931899,0.5270973319931899,0.5270973319931899,0.5270973319931899,Outdoor
0.5258019179265713,0.5258019179265713,0.5258019179265713,0.5258019179265713,0.5258019179265713,0.5258019179265713,0.5258019179265713,0.5258019179265713,0.5258019179265713,0.5258019179265713,0.5258019179265713,0.5258019179265713,0.5258019179265713,0.5258019179265713,0.5258019179265713,0.5258019179265713,0.5258019179265713,0.5258019179265713,0.5258019179265713,0.5258019179265713,0.5258019179265713,0.5258019179265713,0.5258019179265713,0.5258019179265713,0.5258019179265713,0.5258019179265713,0.5258019179265713,0.5258019179265713,0.5258019179265713,0.5258019179265713,Outdoor
0.618121987384189,0.618121987384189,0.618121987384189,0.618121987384189,0.618121987384189,0.618121987384189,0.618121987384189,0.618121987384189,0.618121987384189,0.618121987384189,0.618121987384189,0.618121987384189,0.618121987384189,0.618121987384189,0.618121987384189,0.618121987384189,0.618121987384189,0.618121987384189,0.618121987384189,0.618121987384189,0.618121987384189,0.618121987384189,0.618121987384189,0.618121987384189,0.618121987384189,0.618121987384189,0.618121987384189,0.618121987384189,0.618121987384189,0.618121987384189,Outdoor
0.532538960572453,0.532538960572453,0.532538960572453,0.532538960572453,0.532538960572453,0.532538960572453,0.532538960572453,0.532538960572453,0.532538960572453,0.532538960572453,0.532538960572453,0.532538960572453,0.532538960572453,0.532538960572453,0.532538960572453,0.532538960572453,0.532538960572453,0.532538960572453,0.532538960572453,0.532538960572453,0.532538960572453,0.532538960572453,0.532538960572453,0.532538960572453,0.532538960572453,0.532538960572453,0.532538960572453,0.532538960572453,0.532538960572453,0.532538960572453,Indoor
0.5708543664866632,0.5708543664866632,0.5708543664866632,0.5708543664866632,0.5708543664866632,0.5708543664866632,0.5708543664866632,0.5708543664866632,0.5708543664866632,0.5708543664866632,0.5708543664866632,0.5708543664866632,0.5708543664866632,0.5708543664866632,0.5708543664866632,0.5708543664866632,0.5708543664866632,0.5708543664866632,0.5708543664866632,0.5708543664866632,0.5708543664866632,0.5708543664866632,0.5708543664866632,0.5708543664866632,0.5708543664866632,0.5708543664866632,0.5708543664866632,0.5708543664866632,0.5708543664866632,0.5708543664866632,Outdoor
0.5848012060540911,0.5848012060540911,0.5848012060540911,0.5848012060540911,0.5848012060540911,0.5848012060540911,0.5848012060540911,0.5848012060540911,0.5848012060540911,0.5848012060540911,0.5848012060540911,0.5848012060540911,0.5848012060540911,0.5848012060540911,0.5848012060540911,0.5848012060540911,0.5848012060540911,0.5848012060540911,0.5848012060540911,0.5848012060540911,0.5848012060540911,0.5848012060540911,0.5848012060540911,0.5848012060540911,0.5848012060540911,0.5848012060540911,0.5848012060540911,0.5848012060540911,0.5848012060540911,0.5848012060540911,Outdoor
0.5816297873992282,0.5816297873992282,0.5816297873992282,0.5816297873992282,0.5816297873992282,0.5816297873992282,0.5816297873992282,0.5816297873992282,0.5816297873992282,0.5816297873992282,0.5816297873992282,0.5816297873992282,0.5816297873992282,0.5816297873992282,0.5816297873992282,0.5816297873992282,0.5816297873992282,0.5816297873992282,0.5816297873992282,0.5816297873992282,0.5816297873992282,0.5816297873992282,0.5816297873992282,0.5816297873992282,0.5816297873992282,0.5816297873992282,0.5816297873992282,0.5816297873992282,0.5816297873992282,0.5816297873992282,Outdoor
0.5176456568971101,0.5176456568971101,0.5176456568971101,0.5176456568971101,0.5176456568971101,0.5176456568971101,0.5176456568971101,0.5176456568971101,0.5176456568971101,0.5176456568971101,0.5176456568971101,0.5176456568971101,0.5176456568971101,0.5176456568971101,0.5176456568971101,0.5176456568971101,0.5176456568971101,0.5176456568971101,0.5176456568971101,0.5176456568971101,0.5176456568971101,0.5176456568971101,0.5176456568971101,0.5176456568971101,0.5176456568971101,0.5176456568971101,0.5176456568971101,0.5176456568971101,0.5176456568971101,0.5176456568971101,Outdoor
0.46465912568408074,0.46465912568408074,0.46465912568408074,0.46465912568408074,0.46465912568408074,0.46465912568408074,0.46465912568408074,0.46465912568408074,0.46465912568408074,0.46465912568408074,0.46465912568408074,0.46465912568408074,0.46465912568408074,0.46465912568408074,0.46465912568408074,0.46465912568408074,0.46465912568408074,0.46465912568408074,0.46465912568408074,0.46465912568408074,0.46465912568408074,0.46465912568408074,0.46465912568408074,0.46465912568408074,0.46465912568408074,0.46465912568408074,0.46465912568408074,0.46465912568408074,0.46465912568408074,0.46465912568408074,Indoor
0.49302576927666425,0.49302576927666425,0.49302576927666425,0.49302576927666425,0.49302576927666425,0.49302576927666425,0.49302576927666425,0.49302576927666425,0.49302576927666425,0.49302576927666425,0.49302576927666425,0.49302576927666425,0.49302576927666425,0.49302576927666425,0.49302576927666425,0.49302576927666425,0.49302576927666425,0.49302576927666425,0.49302576927666425,0.49302576927666425,0.49302576927666425,0.49302576927666425,0.49302576927666425,0.49302576927666425,0.49302576927666425,0.49302576927666425,0.49302576927666425,0.49302576927666425,0.49302576927666425,0.49302576927666425,Indoor
0.4668634504667727,0.4668634504667727,0.4668634504667727,0.4668634504667727,0.4668634504667727,0.4668634504667727,0.4668634504667727,0.4668634504667727,0.4668634504667727,0.4668634504667727,0.4668634504667727,0.4668634504667727,0.4668634504667727,0.4668634504667727,0.4668634504667727,0.4668634504667727,0.4668634504667727,0.4668634504667727,0.4668634504667727,0.4668634504667727,0.4668634504667727,0.4668634504667727,0.4668634504667727,0.4668634504667727,0.4668634504667727,0.4668634504667727,0.4668634504667727,0.4668634504667727,0.4668634504667727,0.4668634504667727,Indoor
0.4363288534549379,0.4363288534549379,0.4363288534549379,0.4363288534549379,0.4363288534549379,0.4363288534549379,0.4363288534549379,0.4363288534549379,0.4363288534549379,0.4363288534549379,0.4363288534549379,0.4363288534549379,0.4363288534549379,0.4363288534549379,0.4363288534549379,0.4363288534549379,0.4363288534549379,0.4363288534549379,0.4363288534549379,0.4363288534549379,0.4363288534549379,0.4363288534549379,0.4363288534549379,0.4363288534549379,0.4363288534549379,0.4363288534549379,0.4363288534549379,0.4363288534549379,0.4363288534549379,0.4363288534549379,Indoor
0.44753901096454185,0.44753901096454185,0.44753901096454185,0.44753901096454185,0.44753901096454185,0.44753901096454185,0.44753901096454185,0.44753901096454185,0.44753901096454185,0.44753901096454185,0.44753901096454185,0.44753901096454185,0.44753901096454185,0.44753901096454185,0.44753901096454185,0.44753901096454185,0.44753901096454185,0.44753901096454185,0.44753901096454185,0.44753901096454185,0.44753901096454185,0.44753901096454185,0.44753901096454185,0.44753901096454185,0.44753901096454185,0.44753901096454185,0.44753901096454185,0.44753901096454185,0.44753901096454185,0.44753901096454185,Indoor
0.5381024824416065,0.5381024824416065,0.5381024824416065,0.5381024824416065,0.5381024824416065,0.5381024824416065,0.5381024824416065,0.5381024824416065,0.5381024824416065,0.5381024824416065,0.5381024824416065,0.5381024824416065,0.5381024824416065,0.5381024824416065,0.5381024824416065,0.5381024824416065,0.5381024824416065,0.5381024824416065,0.5381024824416065,0.5381024824416065,0.5381024824416065,0.5381024824416065,0.5381024824416065,0.5381024824416065,0.5381024824416065,0.5381024824416065,0.5381024824416065,0.5381024824416065,0.5381024824416065,0.5381024824416065,Outdoor
0.4653505502942535,0.4653505502942535,0.4653505502942535,0.4653505502942535,0.4653505502942535,0.4653505502942535,0.4653505502942535,0.4653505502942535,0.4653505502942535,0.4653505502942535,0.4653505502942535,0.4653505502942535,0.4653505502942535,0.4653505502942535,0.4653505502942535,0.4653505502942535,0.4653505502942535,0.4653505502942535,0.4653505502942535,0.4653505502942535,0.4653505502942535,0.4653505502942535,0.4653505502942535,0.4653505502942535,0.4653505502942535,0.4653505502942535,0.4653505502942535,0.4653505502942535,0.4653505502942535,0.4653505502942535,Indoor
0.601124035348721,0.601124035348721,0.601124035348721,0.601124035348721,0.601124035348721,0.601124035348721,0.601124035348721,0.601124035348721,0.601124035348721,0.601124035348721,0.601124035348721,0.601124035348721,0.601124035348721,0.601124035348721,0.601124035348721,0.601124035348721,0.601124035348721,0.601124035348721,0.601124035348721,0.601124035348721,0.601124035348721,0.601124035348721,0.601124035348721,0.601124035348721,0.601124035348721,0.601124035348721,0.601124035348721,0.601124035348721,0.601124035348721,0.601124035348721,Outdoor
0.4384441575220502,0.4384441575220502,0.4384441575220502,0.4384441575220502,0.4384441575220502,0.4384441575220502,0.4384441575220502,0.4384441575220502,0.4384441575220502,0.4384441575220502,0.4384441575220502,0.4384441575220502,0.4384441575220502,0.4384441575220502,0.4384441575220502,0.4384441575220502,0.4384441575220502,0.4384441575220502,0.4384441575220502,0.4384441575220502,0.4384441575220502,0.4384441575220502,0.4384441575220502,0.4384441575220502,0.4384441575220502,0.4384441575220502,0.4384441575220502,0.4384441575220502,0.4384441575220502,0.4384441575220502,Indoor
0.5225686870531423,0.5225686870531423,0.5225686870531423,0.5225686870531423,0.5225686870531423,0.5225686870531423,0.5225686870531423,0.5225686870531423,0.5225686870531423,0.5225686870531423,0.5225686870531423,0.5225686870531423,0.5225686870531423,0.5225686870531423,0.5225686870531423,0.5225686870531423,0.5225686870531423,0.5225686870531423,0.5225686870531423,0.5225686870531423,0.5225686870531423,0.5225686870531423,0.5225686870531423,0.5225686870531423,0.5225686870531423,0.5225686870531423,0.5225686870531423,0.5225686870531423,0.5225686870531423,0.5225686870531423,Indoor
0.4600695950338248,0.4600695950338248,0.4600695950338248,0.4600695950338248,0.4600695950338248,0.4600695950338248,0.4600695950338248,0.4600695950338248,0.4600695950338248,0.4600695950338248,0.4600695950338248,0.4600695950338248,0.4600695950338248,0.4600695950338248,0.4600695950338248,0.4600695950338248,0.4600695950338248,0.4600695950338248,0.4600695950338248,0.4600695950338248,0.4600695950338248,0.4600695950338248,0.4600695950338248,0.4600695950338248,0.4600695950338248,0.4600695950338248,0.4600695950338248,0.4600695950338248,0.4600695950338248,0.4600695950338248,Indoor
0.47340464119397163,0.47340464119397163,0.47340464119397163,0.47340464119397163,0.47340464119397163,0.47340464119397163,0.47340464119397163,0.47340464119397163,0.47340464119397163,0.47340464119397163,0.47340464119397163,0.47340464119397163,0.47340464119397163,0.47340464119397163,0.47340464119397163,0.47340464119397163,0.47340464119397163,0.47340464119397163,0.47340464119397163,0.47340464119397163,0.47340464119397163,0.47340464119397163,0.47340464119397163,0.47340464119397163,0.47340464119397163,0.47340464119397163,0.47340464119397163,0.47340464119397163,0.47340464119397163,0.47340464119397163,Indoor
0.4244390852815184,0.4244390852815184,0.4244390852815184,0.4244390852815184,0.4244390852815184,0.4244390852815184,0.4244390852815184,0.4244390852815184,0.4244390852815184,0.4244390852815184,0.4244390852815184,0.4244390852815184,0.4244390852815184,0.4244390852815184,0.4244390852815184,0.4244390852815184,0.4244390852815184,0.4244390852815184,0.4244390852815184,0.4244390852815184,0.4244390852815184,0.4244390852815184,0.4244390852815184,0.4244390852815184,0.4244390852815184,0.4244390852815184,0.4244390852815184,0.4244390852815184,0.4244390852815184,0.4244390852815184,Indoor
0.5433054590226067,0.5433054590226067,0.5433054590226067,0.5433054590226067,0.5433054590226067,0.5433054590226067,0.5433054590226067,0.5433054590226067,0.5433054590226067,0.5433054590226067,0.5433054590226067,0.5433054590226067,0.5433054590226067,0.5433054590226067,0.5433054590226067,0.5433054590226067,0.5433054590226067,0.5433054590226067,0.5433054590226067,0.5433054590226067,0.5433054590226067,0.5433054590226067,0.5433054590226067,0.5433054590226067,0.5433054590226067,0.5433054590226067,0.5433054590226067,0.5433054590226067,0.5433054590226067,0.5433054590226067,Outdoor
0.5272863513438487,0.5272863513438487,0.5272863513438487,0.5272863513438487,0.5272863513438487,0.5272863513438487,0.5272863513438487,0.5272863513438487,0.5272863513438487,0.5272863513438487,0.5272863513438487,0.5272863513438487,0.5272863513438487,0.5272863513438487,0.5272863513438487,0.5272863513438487,0.5272863513438487,0.5272863513438487,0.5272863513438487,0.5272863513438487,0.5272863513438487,0.5272863513438487,0.5272863513438487,0.5272863513438487,0.5272863513438487,0.5272863513438487,0.5272863513438487,0.5272863513438487,0.5272863513438487,0.5272863513438487,Outdoor
0.45957566277312034,0.45957566277312034,0.45957566277312034,0.45957566277312034,0.45957566277312034,0.45957566277312034,0.45957566277312034,0.45957566277312034,0.45957566277312034,0.45957566277312034,0.45957566277312034,0.45957566277312034,0.45957566277312034,0.45957566277312034,0.45957566277312034,0.45957566277312034,0.45957566277312034,0.45957566277312034,0.45957566277312034,0.45957566277312034,0.45957566277312034,0.45957566277312034,0.45957566277312034,0.45957566277312034,0.45957566277312034,0.45957566277312034,0.45957566277312034,0.45957566277312034,0.45957566277312034,0.45957566277312034,Indoor
0.4402076441060546,0.4402076441060546,0.4402076441060546,0.4402076441060546,0.4402076441060546,0.4402076441060546,0.4402076441060546,0.4402076441060546,0.4402076441060546,0.4402076441060546,0.4402076441060546,0.4402076441060546,0.4402076441060546,0.4402076441060546,0.4402076441060546,0.4402076441060546,0.4402076441060546,0.4402076441060546,0.4402076441060546,0.4402076441060546,0.4402076441060546,0.4402076441060546,0.4402076441060546,0.4402076441060546,0.4402076441060546,0.4402076441060546,0.4402076441060546,0.4402076441060546,0.4402076441060546,0.4402076441060546,Indoor
0.5306249167943026,0.5306249167943026,0.5306249167943026,0.5306249167943026,0.5306249167943026,0.5306249167943026,0.5306249167943026,0.5306249167943026,0.5306249167943026,0.5306249167943026,0.5306249167943026,0.5306249167943026,0.5306249167943026,0.5306249167943026,0.5306249167943026,0.5306249167943026,0.5306249167943026,0.5306249167943026,0.5306249167943026,0.5306249167943026,0.5306249167943026,0.5306249167943026,0.5306249167943026,0.5306249167943026,0.5306249167943026,0.5306249167943026,0.5306249167943026,0.5306249167943026,0.5306249167943026,0.5306249167943026,Outdoor
0.4259323860798917,0.4259323860798917,0.4259323860798917,0.4259323860798917,0.4259323860798917,0.4259323860798917,0.4259323860798917,0.4259323860798917,0.4259323860798917,0.4259323860798917,0.4259323860798917,0.4259323860798917,0.4259323860798917,0.4259323860798917,0.4259323860798917,0.4259323860798917,0.4259323860798917,0.4259323860798917,0.4259323860798917,0.4259323860798917,0.4259323860798917,0.4259323860798917,0.4259323860798917,0.4259323860798917,0.4259323860798917,0.4259323860798917,0.4259323860798917,0.4259323860798917,0.4259323860798917,0.4259323860798917,Indoor
0.5246999456228754,0.5246999456228754,0.5246999456228754,0.5246999456228754,0.5246999456228754,0.5246999456228754,0.5246999456228754,0.5246999456228754,0.5246999456228754,0.5246999456228754,0.5246999456228754,0.5246999456228754,0.5246999456228754,0.5246999456228754,0.5246999456228754,0.5246999456228754,0.5246999456228754,0.5246999456228754,0.5246999456228754,0.5246999456228754,0.5246999456228754,0.5246999456228754,0.5246999456228754,0.5246999456228754,0.5246999456228754,0.5246999456228754,0.5246999456228754,0.5246999456228754,0.5246999456228754,0.5246999456228754,Outdoor
0.46842426110245816,0.46842426110245816,0.46842426110245816,0.46842426110245816,0.46842426110245816,0.46842426110245816,0.46842426110245816,0.46842426110245816,0.46842426110245816,0.46842426110245816,0.46842426110245816,0.46842426110245816,0.46842426110245816,0.46842426110245816,0.46842426110245816,0.46842426110245816,0.46842426110245816,0.46842426110245816,0.46842426110245816,0.46842426110245816,0.46842426110245816,0.46842426110245816,0.46842426110245816,0.46842426110245816,0.46842426110245816,0.46842426110245816,0.46842426110245816,0.46842426110245816,0.46842426110245816,0.46842426110245816,Outdoor
0.457542962000401,0.457542962000401,0.457542962000401,0.457542962000401,0.457542962000401,0.457542962000401,0.457542962000401,0.457542962000401,0.457542962000401,0.457542962000401,0.457542962000401,0.457542962000401,0.457542962000401,0.457542962000401,0.457542962000401,0.457542962000401,0.457542962000401,0.457542962000401,0.457542962000401,0.457542962000401,0.457542962000401,0.457542962000401,0.457542962000401,0.457542962000401,0.457542962000401,0.457542962000401,0.457542962000401,0.457542962000401,0.457542962000401,0.457542962000401,Indoor
0.4838422379103635,0.4838422379103635,0.4838422379103635,0.4838422379103635,0.4838422379103635,0.4838422379103635,0.4838422379103635,0.4838422379103635,0.4838422379103635,0.4838422379103635,0.4838422379103635,0.4838422379103635,0.4838422379103635,0.4838422379103635,0.4838422379103635,0.4838422379103635,0.4838422379103635,0.4838422379103635,0.4838422379103635,0.4838422379103635,0.4838422379103635,0.4838422379103635,0.4838422379103635,0.4838422379103635,0.4838422379103635,0.4838422379103635,0.4838422379103635,0.4838422379103635,0.4838422379103635,0.4838422379103635,Indoor
0.4663444969963852,0.4663444969963852,0.4663444969963852,0.4663444969963852,0.4663444969963852,0.4663444969963852,0.4663444969963852,0.4663444969963852,0.4663444969963852,0.4663444969963852,0.4663444969963852,0.4663444969963852,0.4663444969963852,0.4663444969963852,0.4663444969963852,0.4663444969963852,0.4663444969963852,0.4663444969963852,0.4663444969963852,0.4663444969963852,0.4663444969963852,0.4663444969963852,0.4663444969963852,0.4663444969963852,0.4663444969963852,0.4663444969963852,0.4663444969963852,0.4663444969963852,0.4663444969963852,0.4663444969963852,Indoor
0.5894645487523127,0.5894645487523127,0.5894645487523127,0.5894645487523127,0.5894645487523127,0.5894645487523127,0.5894645487523127,0.5894645487523127,0.5894645487523127,0.5894645487523127,0.5894645487523127,0.5894645487523127,0.5894645487523127,0.5894645487523127,0.5894645487523127,0.5894645487523127,0.5894645487523127,0.5894645487523127,0.5894645487523127,0.5894645487523127,0.5894645487523127,0.5894645487523127,0.5894645487523127,0.5894645487523127,0.5894645487523127,0.5894645487523127,0.5894645487523127,0.5894645487523127,0.5894645487523127,0.5894645487523127,Outdoor
0.5129138465308384,0.5129138465308384,0.5129138465308384,0.5129138465308384,0.5129138465308384,0.5129138465308384,0.5129138465308384,0.5129138465308384,0.5129138465308384,0.5129138465308384,0.5129138465308384,0.5129138465308384,0.5129138465308384,0.5129138465308384,0.5129138465308384,0.5129138465308384,0.5129138465308384,0.5129138465308384,0.5129138465308384,0.5129138465308384,0.5129138465308384,0.5129138465308384,0.5129138465308384,0.5129138465308384,0.5129138465308384,0.5129138465308384,0.5129138465308384,0.5129138465308384,0.5129138465308384,0.5129138465308384,Outdoor
0.5451375551158988,0.5451375551158988,0.5451375551158988,0.5451375551158988,0.5451375551158988,0.5451375551158988,0.5451375551158988,0.5451375551158988,0.5451375551158988,0.5451375551158988,0.5451375551158988,0.5451375551158988,0.5451375551158988,0.5451375551158988,0.5451375551158988,0.5451375551158988,0.5451375551158988,0.5451375551158988,0.5451375551158988,0.5451375551158988,0.5451375551158988,0.5451375551158988,0.5451375551158988,0.5451375551158988,0.5451375551158988,0.5451375551158988,0.5451375551158988,0.5451375551158988,0.5451375551158988,0.5451375551158988,Outdoor
0.5030594356491737,0.5030594356491737,0.5030594356491737,0.5030594356491737,0.5030594356491737,0.5030594356491737,0.5030594356491737,0.5030594356491737,0.5030594356491737,0.5030594356491737,0.5030594356491737,0.5030594356491737,0.5030594356491737,0.5030594356491737,0.5030594356491737,0.5030594356491737,0.5030594356491737,0.5030594356491737,0.5030594356491737,0.5030594356491737,0.5030594356491737,0.5030594356491737,0.5030594356491737,0.5030594356491737,0.5030594356491737,0.5030594356491737,0.5030594356491737,0.5030594356491737,0.5030594356491737,0.5030594356491737,Indoor
0.4423630901278335,0.4423630901278335,0.4423630901278335,0.4423630901278335,0.4423630901278335,0.4423630901278335,0.4423630901278335,0.4423630901278335,0.4423630901278335,0.4423630901278335,0.4423630901278335,0.4423630901278335,0.4423630901278335,0.4423630901278335,0.4423630901278335,0.4423630901278335,0.4423630901278335,0.4423630901278335,0.4423630901278335,0.4423630901278335,0.4423630901278335,0.4423630901278335,0.4423630901278335,0.4423630901278335,0.4423630901278335,0.4423630901278335,0.4423630901278335,0.4423630901278335,0.4423630901278335,0.4423630901278335,Indoor
0.481020200782242,0.481020200782242,0.481020200782242,0.481020200782242,0.481020200782242,0.481020200782242,0.481020200782242,0.481020200782242,0.481020200782242,0.481020200782242,0.481020200782242,0.481020200782242,0.481020200782242,0.481020200782242,0.481020200782242,0.481020200782242,0.481020200782242,0.481020200782242,0.481020200782242,0.481020200782242,0.481020200782242,0.481020200782242,0.481020200782242,0.481020200782242,0.481020200782242,0.481020200782242,0.481020200782242,0.481020200782242,0.481020200782242,0.481020200782242,Indoor
0.4233081191236343,0.4233081191236343,0.4233081191236343,0.4233081191236343,0.4233081191236343,0.4233081191236343,0.4233081191236343,0.4233081191236343,0.4233081191236343,0.4233081191236343,0.4233081191236343,0.4233081191236343,0.4233081191236343,0.4233081191236343,0.4233081191236343,0.4233081191236343,0.4233081191236343,0.4233081191236343,0.4233081191236343,0.4233081191236343,0.4233081191236343,0.4233081191236343,0.4233081191236343,0.4233081191236343,0.4233081191236343,0.4233081191236343,0.4233081191236343,0.4233081191236343,0.4233081191236343,0.4233081191236343,Indoor
0.5342117663256601,0.5342117663256601,0.5342117663256601,0.5342117663256601,0.5342117663256601,0.5342117663256601,0.5342117663256601,0.5342117663256601,0.5342117663256601,0.5342117663256601,0.5342117663256601,0.5342117663256601,0.5342117663256601,0.5342117663256601,0.5342117663256601,0.5342117663256601,0.5342117663256601,0.5342117663256601,0.5342117663256601,0.5342117663256601,0.5342117663256601,0.5342117663256601,0.5342117663256601,0.5342117663256601,0.5342117663256601,0.5342117663256601,0.5342117663256601,0.5342117663256601,0.5342117663256601,0.5342117663256601,Outdoor
0.488487029272722,0.488487029272722,0.488487029272722,0.488487029272722,0.488487029272722,0.488487029272722,0.488487029272722,0.488487029272722,0.488487029272722,0.488487029272722,0.488487029272722,0.488487029272722,0.488487029272722,0.488487029272722,0.488487029272722,0.488487029272722,0.488487029272722,0.488487029272722,0.488487029272722,0.488487029272722,0.488487029272722,0.488487029272722,0.488487029272722,0.488487029272722,0.488487029272722,0.488487029272722,0.488487029272722,0.488487029272722,0.488487029272722,0.488487029272722,Indoor
0.47692747508788924,0.47692747508788924,0.47692747508788924,0.47692747508788924,0.47692747508788924,0.47692747508788924,0.47692747508788924,0.47692747508788924,0.47692747508788924,0.47692747508788924,0.47692747508788924,0.47692747508788924,0.47692747508788924,0.47692747508788924,0.47692747508788924,0.47692747508788924,0.47692747508788924,0.47692747508788924,0.47692747508788924,0.47692747508788924,0.47692747508788924,0.47692747508788924,0.47692747508788924,0.47692747508788924,0.47692747508788924,0.47692747508788924,0.47692747508788924,0.47692747508788924,0.47692747508788924,0.47692747508788924,Indoor
0.46007555012077106,0.46007555012077106,0.46007555012077106,0.46007555012077106,0.46007555012077106,0.46007555012077106,0.46007555012077106,0.46007555012077106,0.46007555012077106,0.46007555012077106,0.46007555012077106,0.46007555012077106,0.46007555012077106,0.46007555012077106,0.46007555012077106,0.46007555012077106,0.46007555012077106,0.46007555012077106,0.46007555012077106,0.46007555012077106,0.46007555012077106,0.46007555012077106,0.46007555012077106,0.46007555012077106,0.46007555012077106,0.46007555012077106,0.46007555012077106,0.46007555012077106,0.46007555012077106,0.46007555012077106,Indoor
0.5395912497070597,0.5395912497070597,0.5395912497070597,0.5395912497070597,0.5395912497070597,0.5395912497070597,0.5395912497070597,0.5395912497070597,0.5395912497070597,0.5395912497070597,0.5395912497070597,0.5395912497070597,0.5395912497070597,0.5395912497070597,0.5395912497070597,0.5395912497070597,0.5395912497070597,0.5395912497070597,0.5395912497070597,0.5395912497070597,0.5395912497070597,0.5395912497070597,0.5395912497070597,0.5395912497070597,0.5395912497070597,0.5395912497070597,0.5395912497070597,0.5395912497070597,0.5395912497070597,0.5395912497070597,Outdoor
0.505720856696847,0.505720856696847,0.505720856696847,0.505720856696847,0.505720856696847,0.505720856696847,0.505720856696847,0.505720856696847,0.505720856696847,0.505720856696847,0.505720856696847,0.505720856696847,0.505720856696847,0.505720856696847,0.505720856696847,0.505720856696847,0.505720856696847,0.505720856696847,0.505720856696847,0.505720856696847,0.505720856696847,0.505720856696847,0.505720856696847,0.505720856696847,0.505720856696847,0.505720856696847,0.505720856696847,0.505720856696847,0.505720856696847,0.505720856696847,Indoor
0.5884327193376174,0.5884327193376174,0.5884327193376174,0.5884327193376174,0.5884327193376174,0.5884327193376174,0.5884327193376174,0.5884327193376174,0.5884327193376174,0.5884327193376174,0.5884327193376174,0.5884327193376174,0.5884327193376174,0.5884327193376174,0.5884327193376174,0.5884327193376174,0.5884327193376174,0.5884327193376174,0.5884327193376174,0.5884327193376174,0.5884327193376174,0.5884327193376174,0.5884327193376174,0.5884327193376174,0.5884327193376174,0.5884327193376174,0.5884327193376174,0.5884327193376174,0.5884327193376174,0.5884327193376174,Outdoor
0.4995200074477696,0.4995200074477696,0.4995200074477696,0.4995200074477696,0.4995200074477696,0.4995200074477696,0.4995200074477696,0.4995200074477696,0.4995200074477696,0.4995200074477696,0.4995200074477696,0.4995200074477696,0.4995200074477696,0.4995200074477696,0.4995200074477696,0.4995200074477696,0.4995200074477696,0.4995200074477696,0.4995200074477696,0.4995200074477696,0.4995200074477696,0.4995200074477696,0.4995200074477696,0.4995200074477696,0.4995200074477696,0.4995200074477696,0.4995200074477696,0.4995200074477696,0.4995200074477696,0.4995200074477696,Outdoor
0.4501882981161119,0.4501882981161119,0.4501882981161119,0.4501882981161119,0.4501882981161119,0.4501882981161119,0.4501882981161119,0.4501882981161119,0.4501882981161119,0.4501882981161119,0.4501882981161119,0.4501882981161119,0.4501882981161119,0.4501882981161119,0.4501882981161119,0.4501882981161119,0.4501882981161119,0.4501882981161119,0.4501882981161119,0.4501882981161119,0.4501882981161119,0.4501882981161119,0.4501882981161119,0.4501882981161119,0.4501882981161119,0.4501882981161119,0.4501882981161119,0.4501882981161119,0.4501882981161119,0.4501882981161119,Indoor
0.533526936325015,0.533526936325015,0.533526936325015,0.533526936325015,0.533526936325015,0.533526936325015,0.533526936325015,0.533526936325015,0.533526936325015,0.533526936325015,0.533526936325015,0.533526936325015,0.533526936325015,0.533526936325015,0.533526936325015,0.533526936325015,0.533526936325015,0.533526936325015,0.533526936325015,0.533526936325015,0.533526936325015,0.533526936325015,0.533526936325015,0.533526936325015,0.533526936325015,0.533526936325015,0.533526936325015,0.533526936325015,0.533526936325015,0.533526936325015,Outdoor
0.4805294900457224,0.4805294900457224,0.4805294900457224,0.4805294900457224,0.4805294900457224,0.4805294900457224,0.4805294900457224,0.4805294900457224,0.4805294900457224,0.4805294900457224,0.4805294900457224,0.4805294900457224,0.4805294900457224,0.4805294900457224,0.4805294900457224,0.4805294900457224,0.4805294900457224,0.4805294900457224,0.4805294900457224,0.4805294900457224,0.4805294900457224,0.4805294900457224,0.4805294900457224,0.4805294900457224,0.4805294900457224,0.4805294900457224,0.4805294900457224,0.4805294900457224,0.4805294900457224,0.4805294900457224,Indoor
0.5176052219815779,0.5176052219815779,0.5176052219815779,0.5176052219815779,0.5176052219815779,0.5176052219815779,0.5176052219815779,0.5176052219815779,0.5176052219815779,0.5176052219815779,0.5176052219815779,0.5176052219815779,0.5176052219815779,0.5176052219815779,0.5176052219815779,0.5176052219815779,0.5176052219815779,0.5176052219815779,0.5176052219815779,0.5176052219815779,0.5176052219815779,0.5176052219815779,0.5176052219815779,0.5176052219815779,0.5176052219815779,0.5176052219815779,0.5176052219815779,0.5176052219815779,0.5176052219815779,0.5176052219815779,Outdoor
0.5815300642459302,0.5815300642459302,0.5815300642459302,0.5815300642459302,0.5815300642459302,0.5815300642459302,0.5815300642459302,0.5815300642459302,0.5815300642459302,0.5815300642459302,0.5815300642459302,0.5815300642459302,0.5815300642459302,0.5815300642459302,0.5815300642459302,0.5815300642459302,0.5815300642459302,0.5815300642459302,0.5815300642459302,0.5815300642459302,0.5815300642459302,0.5815300642459302,0.5815300642459302,0.5815300642459302,0.5815300642459302,0.5815300642459302,0.5815300642459302,0.5815300642459302,0.5815300642459302,0.5815300642459302,Outdoor
0.5676359971387042,0.5676359971387042,0.5676359971387042,0.5676359971387042,0.5676359971387042,0.5676359971387042,0.5676359971387042,0.5676359971387042,0.5676359971387042,0.5676359971387042,0.5676359971387042,0.5676359971387042,0.5676359971387042,0.5676359971387042,0.5676359971387042,0.5676359971387042,0.5676359971387042,0.5676359971387042,0.5676359971387042,0.5676359971387042,0.5676359971387042,0.5676359971387042,0.5676359971387042,0.5676359971387042,0.5676359971387042,0.5676359971387042,0.5676359971387042,0.5676359971387042,0.5676359971387042,0.5676359971387042,Outdoor
0.5047298215928696,0.5047298215928696,0.5047298215928696,0.5047298215928696,0.5047298215928696,0.5047298215928696,0.5047298215928696,0.5047298215928696,0.5047298215928696,0.5047298215928696,0.5047298215928696,0.5047298215928696,0.5047298215928696,0.5047298215928696,0.5047298215928696,0.5047298215928696,0.5047298215928696,0.5047298215928696,0.5047298215928696,0.5047298215928696,0.5047298215928696,0.5047298215928696,0.5047298215928696,0.5047298215928696,0.5047298215928696,0.5047298215928696,0.5047298215928696,0.5047298215928696,0.5047298215928696,0.5047298215928696,Indoor
0.5663241626384827,0.5663241626384827,0.5663241626384827,0.5663241626384827,0.5663241626384827,0.5663241626384827,0.5663241626384827,0.5663241626384827,0.5663241626384827,0.5663241626384827,0.5663241626384827,0.5663241626384827,0.5663241626384827,0.5663241626384827,0.5663241626384827,0.5663241626384827,0.5663241626384827,0.5663241626384827,0.5663241626384827,0.5663241626384827,0.5663241626384827,0.5663241626384827,0.5663241626384827,0.5663241626384827,0.5663241626384827,0.5663241626384827,0.5663241626384827,0.5663241626384827,0.5663241626384827,0.5663241626384827,Outdoor
0.5177059725330371,0.5177059725330371,0.5177059725330371,0.5177059725330371,0.5177059725330371,0.5177059725330371,0.5177059725330371,0.5177059725330371,0.5177059725330371,0.5177059725330371,0.5177059725330371,0.5177059725330371,0.5177059725330371,0.5177059725330371,0.5177059725330371,0.5177059725330371,0.5177059725330371,0.5177059725330371,0.5177059725330371,0.5177059725330371,0.5177059725330371,0.5177059725330371,0.5177059725330371,0.5177059725330371,0.5177059725330371,0.5177059725330371,0.5177059725330371,0.5177059725330371,0.5177059725330371,0.5177059725330371,Indoor
0.42911432378126124,0.42911432378126124,0.42911432378126124,0.42911432378126124,0.42911432378126124,0.42911432378126124,0.42911432378126124,0.42911432378126124,0.42911432378126124,0.42911432378126124,0.42911432378126124,0.42911432378126124,0.42911432378126124,0.42911432378126124,0.42911432378126124,0.42911432378126124,0.42911432378126124,0.42911432378126124,0.42911432378126124,0.42911432378126124,0.42911432378126124,0.42911432378126124,0.42911432378126124,0.42911432378126124,0.42911432378126124,0.42911432378126124,0.42911432378126124,0.42911432378126124,0.42911432378126124,0.42911432378126124,Indoor
0.4516729060699047,0.4516729060699047,0.4516729060699047,0.4516729060699047,0.4516729060699047,0.4516729060699047,0.4516729060699047,0.4516729060699047,0.4516729060699047,0.4516729060699047,0.4516729060699047,0.4516729060699047,0.4516729060699047,0.4516729060699047,0.4516729060699047,0.4516729060699047,0.4516729060699047,0.4516729060699047,0.4516729060699047,0.4516729060699047,0.4516729060699047,0.4516729060699047,0.4516729060699047,0.4516729060699047,0.4516729060699047,0.4516729060699047,0.4516729060699047,0.4516729060699047,0.4516729060699047,0.4516729060699047,Indoor
0.5195714665916197,0.5195714665916197,0.5195714665916197,0.5195714665916197,0.5195714665916197,0.5195714665916197,0.5195714665916197,0.5195714665916197,0.5195714665916197,0.5195714665916197,0.5195714665916197,0.5195714665916197,0.5195714665916197,0.5195714665916197,0.5195714665916197,0.5195714665916197,0.5195714665916197,0.5195714665916197,0.5195714665916197,0.5195714665916197,0.5195714665916197,0.5195714665916197,0.5195714665916197,0.5195714665916197,0.5195714665916197,0.5195714665916197,0.5195714665916197,0.5195714665916197,0.5195714665916197,0.5195714665916197,Indoor
0.5004156071200717,0.5004156071200717,0.5004156071200717,0.5004156071200717,0.5004156071200717,0.5004156071200717,0.5004156071200717,0.5004156071200717,0.5004156071200717,0.5004156071200717,0.5004156071200717,0.5004156071200717,0.5004156071200717,0.5004156071200717,0.5004156071200717,0.5004156071200717,0.5004156071200717,0.5004156071200717,0.5004156071200717,0.5004156071200717,0.5004156071200717,0.5004156071200717,0.5004156071200717,0.5004156071200717,0.5004156071200717,0.5004156071200717,0.5004156071200717,0.5004156071200717,0.5004156071200717,0.5004156071200717,Indoor
0.44429787539151216,0.44429787539151216,0.44429787539151216,0.44429787539151216,0.44429787539151216,0.44429787539151216,0.44429787539151216,0.44429787539151216,0.44429787539151216,0.44429787539151216,0.44429787539151216,0.44429787539151216,0.44429787539151216,0.44429787539151216,0.44429787539151216,0.44429787539151216,0.44429787539151216,0.44429787539151216,0.44429787539151216,0.44429787539151216,0.44429787539151216,0.44429787539151216,0.44429787539151216,0.44429787539151216,0.44429787539151216,0.44429787539151216,0.44429787539151216,0.44429787539151216,0.44429787539151216,0.44429787539151216,Indoor
0.5091749387474714,0.5091749387474714,0.5091749387474714,0.5091749387474714,0.5091749387474714,0.5091749387474714,0.5091749387474714,0.5091749387474714,0.5091749387474714,0.5091749387474714,0.5091749387474714,0.5091749387474714,0.5091749387474714,0.5091749387474714,0.5091749387474714,0.5091749387474714,0.5091749387474714,0.5091749387474714,0.5091749387474714,0.5091749387474714,0.5091749387474714,0.5091749387474714,0.5091749387474714,0.5091749387474714,0.5091749387474714,0.5091749387474714,0.5091749387474714,0.5091749387474714,0.5091749387474714,0.5091749387474714,Indoor
0.4112131472101048,0.4112131472101048,0.4112131472101048,0.4112131472101048,0.4112131472101048,0.4112131472101048,0.4112131472101048,0.4112131472101048,0.4112131472101048,0.4112131472101048,0.4112131472101048,0.4112131472101048,0.4112131472101048,0.4112131472101048,0.4112131472101048,0.4112131472101048,0.4112131472101048,0.4112131472101048,0.4112131472101048,0.4112131472101048,0.4112131472101048,0.4112131472101048,0.4112131472101048,0.4112131472101048,0.4112131472101048,0.4112131472101048,0.4112131472101048,0.4112131472101048,0.4112131472101048,0.4112131472101048,Indoor
0.5100212447406223,0.5100212447406223,0.5100212447406223,0.5100212447406223,0.5100212447406223,0.5100212447406223,0.5100212447406223,0.5100212447406223,0.5100212447406223,0.5100212447406223,0.5100212447406223,0.5100212447406223,0.5100212447406223,0.5100212447406223,0.5100212447406223,0.5100212447406223,0.5100212447406223,0.5100212447406223,0.5100212447406223,0.5100212447406223,0.5100212447406223,0.5100212447406223,0.5100212447406223,0.5100212447406223,0.5100212447406223,0.5100212447406223,0.5100212447406223,0.5100212447406223,0.5100212447406223,0.5100212447406223,Indoor
0.508613665694855,0.508613665694855,0.508613665694855,0.508613665694855,0.508613665694855,0.508613665694855,0.508613665694855,0.508613665694855,0.508613665694855,0.508613665694855,0.508613665694855,0.508613665694855,0.508613665694855,0.508613665694855,0.508613665694855,0.508613665694855,0.508613665694855,0.508613665694855,0.508613665694855,0.508613665694855,0.508613665694855,0.508613665694855,0.508613665694855,0.508613665694855,0.508613665694855,0.508613665694855,0.508613665694855,0.508613665694855,0.508613665694855,0.508613665694855,Indoor
0.4309346531294663,0.4309346531294663,0.4309346531294663,0.4309346531294663,0.4309346531294663,0.4309346531294663,0.4309346531294663,0.4309346531294663,0.4309346531294663,0.4309346531294663,0.4309346531294663,0.4309346531294663,0.4309346531294663,0.4309346531294663,0.4309346531294663,0.4309346531294663,0.4309346531294663,0.4309346531294663,0.4309346531294663,0.4309346531294663,0.4309346531294663,0.4309346531294663,0.4309346531294663,0.4309346531294663,0.4309346531294663,0.4309346531294663,0.4309346531294663,0.4309346531294663,0.4309346531294663,0.4309346531294663,Indoor
0.41713593191956544,0.41713593191956544,0.41713593191956544,0.41713593191956544,0.41713593191956544,0.41713593191956544,0.41713593191956544,0.41713593191956544,0.41713593191956544,0.41713593191956544,0.41713593191956544,0.41713593191956544,0.41713593191956544,0.41713593191956544,0.41713593191956544,0.41713593191956544,0.41713593191956544,0.41713593191956544,0.41713593191956544,0.41713593191956544,0.41713593191956544,0.41713593191956544,0.41713593191956544,0.41713593191956544,0.41713593191956544,0.41713593191956544,0.41713593191956544,0.41713593191956544,0.41713593191956544,0.41713593191956544,Indoor
0.4992209848720183,0.4992209848720183,0.4992209848720183,0.4992209848720183,0.4992209848720183,0.4992209848720183,0.4992209848720183,0.4992209848720183,0.4992209848720183,0.4992209848720183,0.4992209848720183,0.4992209848720183,0.4992209848720183,0.4992209848720183,0.4992209848720183,0.4992209848720183,0.4992209848720183,0.4992209848720183,0.4992209848720183,0.4992209848720183,0.4992209848720183,0.4992209848720183,0.4992209848720183,0.4992209848720183,0.4992209848720183,0.4992209848720183,0.4992209848720183,0.4992209848720183,0.4992209848720183,0.4992209848720183,Indoor
0.46166496704244137,0.46166496704244137,0.46166496704244137,0.46166496704244137,0.46166496704244137,0.46166496704244137,0.46166496704244137,0.46166496704244137,0.46166496704244137,0.46166496704244137,0.46166496704244137,0.46166496704244137,0.46166496704244137,0.46166496704244137,0.46166496704244137,0.46166496704244137,0.46166496704244137,0.46166496704244137,0.46166496704244137,0.46166496704244137,0.46166496704244137,0.46166496704244137,0.46166496704244137,0.46166496704244137,0.46166496704244137,0.46166496704244137,0.46166496704244137,0.46166496704244137,0.46166496704244137,0.46166496704244137,Indoor
0.3799093729807997,0.3799093729807997,0.3799093729807997,0.3799093729807997,0.3799093729807997,0.3799093729807997,0.3799093729807997,0.3799093729807997,0.3799093729807997,0.3799093729807997,0.3799093729807997,0.3799093729807997,0.3799093729807997,0.3799093729807997,0.3799093729807997,0.3799093729807997,0.3799093729807997,0.3799093729807997,0.3799093729807997,0.3799093729807997,0.3799093729807997,0.3799093729807997,0.3799093729807997,0.3799093729807997,0.3799093729807997,0.3799093729807997,0.3799093729807997,0.3799093729807997,0.3799093729807997,0.3799093729807997,Indoor
0.4923465968305377,0.4923465968305377,0.4923465968305377,0.4923465968305377,0.4923465968305377,0.4923465968305377,0.4923465968305377,0.4923465968305377,0.4923465968305377,0.4923465968305377,0.4923465968305377,0.4923465968305377,0.4923465968305377,0.4923465968305377,0.4923465968305377,0.4923465968305377,0.4923465968305377,0.4923465968305377,0.4923465968305377,0.4923465968305377,0.4923465968305377,0.4923465968305377,0.4923465968305377,0.4923465968305377,0.4923465968305377,0.4923465968305377,0.4923465968305377,0.4923465968305377,0.4923465968305377,0.4923465968305377,Outdoor
0.4074325433420928,0.4074325433420928,0.4074325433420928,0.4074325433420928,0.4074325433420928,0.4074325433420928,0.4074325433420928,0.4074325433420928,0.4074325433420928,0.4074325433420928,0.4074325433420928,0.4074325433420928,0.4074325433420928,0.4074325433420928,0.4074325433420928,0.4074325433420928,0.4074325433420928,0.4074325433420928,0.4074325433420928,0.4074325433420928,0.4074325433420928,0.4074325433420928,0.4074325433420928,0.4074325433420928,0.4074325433420928,0.4074325433420928,0.4074325433420928,0.4074325433420928,0.4074325433420928,0.4074325433420928,Indoor
0.4520012520355246,0.4520012520355246,0.4520012520355246,0.4520012520355246,0.4520012520355246,0.4520012520355246,0.4520012520355246,0.4520012520355246,0.4520012520355246,0.4520012520355246,0.4520012520355246,0.4520012520355246,0.4520012520355246,0.4520012520355246,0.4520012520355246,0.4520012520355246,0.4520012520355246,0.4520012520355246,0.4520012520355246,0.4520012520355246,0.4520012520355246,0.4520012520355246,0.4520012520355246,0.4520012520355246,0.4520012520355246,0.4520012520355246,0.4520012520355246,0.4520012520355246,0.4520012520355246,0.4520012520355246,Indoor
0.5123188084154237,0.5123188084154237,0.5123188084154237,0.5123188084154237,0.5123188084154237,0.5123188084154237,0.5123188084154237,0.5123188084154237,0.5123188084154237,0.5123188084154237,0.5123188084154237,0.5123188084154237,0.5123188084154237,0.5123188084154237,0.5123188084154237,0.5123188084154237,0.5123188084154237,0.5123188084154237,0.378224728219285,0.5123188084154237,0.5123188084154237,0.5123188084154237,0.5123188084154237,0.5123188084154237,0.5123188084154237,0.5123188084154237,0.5123188084154237,0.5123188084154237,0.5123188084154237,0.5123188084154237,Outdoor
0.48818910924770775,0.48818910924770775,0.48818910924770775,0.48818910924770775,0.48818910924770775,0.48818910924770775,0.48818910924770775,0.48818910924770775,0.48818910924770775,0.48818910924770775,0.48818910924770775,0.48818910924770775,0.48818910924770775,0.48818910924770775,0.48818910924770775,0.48818910924770775,0.48818910924770775,0.48818910924770775,0.48818910924770775,0.48818910924770775,0.48818910924770775,0.48818910924770775,0.48818910924770775,0.48818910924770775,0.48818910924770775,0.48818910924770775,0.48818910924770775,0.48818910924770775,0.48818910924770775,0.48818910924770775,Indoor
0.4773323018527343,0.4773323018527343,0.4773323018527343,0.4773323018527343,0.4773323018527343,0.4773323018527343,0.4773323018527343,0.4773323018527343,0.4773323018527343,0.4773323018527343,0.4773323018527343,0.4773323018527343,0.4773323018527343,0.4773323018527343,0.4773323018527343,0.4773323018527343,0.4773323018527343,0.4773323018527343,0.4773323018527343,0.4773323018527343,0.4773323018527343,0.4773323018527343,0.4773323018527343,0.4773323018527343,0.4773323018527343,0.4773323018527343,0.4773323018527343,0.4773323018527343,0.4773323018527343,0.4773323018527343,Indoor
0.5301881326922845,0.5301881326922845,0.5301881326922845,0.5301881326922845,0.5301881326922845,0.5301881326922845,0.5301881326922845,0.5301881326922845,0.5301881326922845,0.5301881326922845,0.5301881326922845,0.5301881326922845,0.5301881326922845,0.5301881326922845,0.5301881326922845,0.5301881326922845,0.5301881326922845,0.5301881326922845,0.40351424652235757,0.5301881326922845,0.5301881326922845,0.5301881326922845,0.5301881326922845,0.5301881326922845,0.5301881326922845,0.5301881326922845,0.5301881326922845,0.5301881326922845,0.5301881326922845,0.5301881326922845,Outdoor
0.46044183320892906,0.46044183320892906,0.46044183320892906,0.46044183320892906,0.46044183320892906,0.46044183320892906,0.46044183320892906,0.46044183320892906,0.46044183320892906,0.46044183320892906,0.46044183320892906,0.46044183320892906,0.46044183320892906,0.46044183320892906,0.46044183320892906,0.46044183320892906,0.46044183320892906,0.46044183320892906,0.46044183320892906,0.46044183320892906,0.46044183320892906,0.46044183320892906,0.46044183320892906,0.46044183320892906,0.46044183320892906,0.46044183320892906,0.46044183320892906,0.46044183320892906,0.46044183320892906,0.46044183320892906,Indoor
0.5304904523711076,0.5304904523711076,0.5304904523711076,0.5304904523711076,0.5304904523711076,0.5304904523711076,0.5304904523711076,0.5304904523711076,0.5304904523711076,0.5304904523711076,0.5304904523711076,0.5304904523711076,0.5304904523711076,0.5304904523711076,0.5304904523711076,0.5304904523711076,0.5304904523711076,0.5304904523711076,0.5304904523711076,0.5304904523711076,0.5304904523711076,0.5304904523711076,0.5304904523711076,0.5304904523711076,0.5304904523711076,0.5304904523711076,0.5304904523711076,0.5304904523711076,0.5304904523711076,0.5304904523711076,Indoor
0.5225867872170936,0.5225867872170936,0.5225867872170936,0.5225867872170936,0.5225867872170936,0.5225867872170936,0.5225867872170936,0.5225867872170936,0.5225867872170936,0.5225867872170936,0.5225867872170936,0.5225867872170936,0.5225867872170936,0.5225867872170936,0.5225867872170936,0.5225867872170936,0.5225867872170936,0.5225867872170936,0.5225867872170936,0.5225867872170936,0.5225867872170936,0.5225867872170936,0.5225867872170936,0.5225867872170936,0.5225867872170936,0.5225867872170936,0.5225867872170936,0.5225867872170936,0.5225867872170936,0.5225867872170936,Outdoor
0.4967440004674443,0.4967440004674443,0.4967440004674443,0.4967440004674443,0.4967440004674443,0.4967440004674443,0.4967440004674443,0.4967440004674443,0.4967440004674443,0.4967440004674443,0.4967440004674443,0.4967440004674443,0.4967440004674443,0.4967440004674443,0.4967440004674443,0.4967440004674443,0.4967440004674443,0.4967440004674443,0.4967440004674443,0.4967440004674443,0.4967440004674443,0.4967440004674443,0.4967440004674443,0.4967440004674443,0.4967440004674443,0.4967440004674443,0.4967440004674443,0.4967440004674443,0.4967440004674443,0.4967440004674443,Indoor
0.45733697070520674,0.45733697070520674,0.45733697070520674,0.45733697070520674,0.45733697070520674,0.45733697070520674,0.45733697070520674,0.45733697070520674,0.45733697070520674,0.45733697070520674,0.45733697070520674,0.45733697070520674,0.45733697070520674,0.45733697070520674,0.45733697070520674,0.45733697070520674,0.45733697070520674,0.45733697070520674,0.45733697070520674,0.45733697070520674,0.45733697070520674,0.45733697070520674,0.45733697070520674,0.45733697070520674,0.45733697070520674,0.45733697070520674,0.45733697070520674,0.45733697070520674,0.45733697070520674,0.45733697070520674,Indoor
0.4787677779377966,0.4787677779377966,0.4787677779377966,0.4787677779377966,0.4787677779377966,0.4787677779377966,0.4787677779377966,0.4787677779377966,0.4787677779377966,0.4787677779377966,0.4787677779377966,0.4787677779377966,0.4787677779377966,0.4787677779377966,0.4787677779377966,0.4787677779377966,0.4787677779377966,0.4787677779377966,0.4787677779377966,0.4787677779377966,0.4787677779377966,0.4787677779377966,0.4787677779377966,0.4787677779377966,0.4787677779377966,0.4787677779377966,0.4787677779377966,0.4787677779377966,0.4787677779377966,0.4787677779377966,Indoor
0.45195781087465736,0.45195781087465736,0.45195781087465736,0.45195781087465736,0.45195781087465736,0.45195781087465736,0.45195781087465736,0.45195781087465736,0.45195781087465736,0.45195781087465736,0.45195781087465736,0.45195781087465736,0.45195781087465736,0.45195781087465736,0.45195781087465736,0.45195781087465736,0.45195781087465736,0.45195781087465736,0.45195781087465736,0.45195781087465736,0.45195781087465736,0.45195781087465736,0.45195781087465736,0.45195781087465736,0.45195781087465736,0.45195781087465736,0.45195781087465736,0.45195781087465736,0.45195781087465736,0.45195781087465736,Indoor
0.43559014994923584,0.43559014994923584,0.43559014994923584,0.43559014994923584,0.43559014994923584,0.43559014994923584,0.43559014994923584,0.43559014994923584,0.43559014994923584,0.43559014994923584,0.43559014994923584,0.43559014994923584,0.43559014994923584,0.43559014994923584,0.43559014994923584,0.43559014994923584,0.43559014994923584,0.43559014994923584,0.43559014994923584,0.43559014994923584,0.43559014994923584,0.43559014994923584,0.43559014994923584,0.43559014994923584,0.43559014994923584,0.43559014994923584,0.43559014994923584,0.43559014994923584,0.43559014994923584,0.43559014994923584,Indoor
0.4773923759626798,0.4773923759626798,0.4773923759626798,0.4773923759626798,0.4773923759626798,0.4773923759626798,0.4773923759626798,0.4773923759626798,0.4773923759626798,0.4773923759626798,0.4773923759626798,0.4773923759626798,0.4773923759626798,0.4773923759626798,0.4773923759626798,0.4773923759626798,0.4773923759626798,0.4773923759626798,0.4773923759626798,0.4773923759626798,0.4773923759626798,0.4773923759626798,0.4773923759626798,0.4773923759626798,0.4773923759626798,0.4773923759626798,0.4773923759626798,0.4773923759626798,0.4773923759626798,0.4773923759626798,Indoor
